hhid	mauzaid	setid	panel_settlement	hh_gps_north	hh_gps_east	district
62578	1	1	8	33.69192	72.45477	"ATTOCK"
62469	1	1	7	33.68903	72.44942	"ATTOCK"
62328	1	1	7	33.6993	72.44669	"ATTOCK"
62498	1	1	8	33.68938	72.4491	"ATTOCK"
62499	1	1	8	33.6891	72.447	"ATTOCK"
62477	1	1	7	33.71643	72.44282	"ATTOCK"
62559	1	2	6	33.69275	72.45438	"ATTOCK"
70385	1	2	6	33.69433	72.4547	"ATTOCK"
70382	1	2	6	33.69337	72.45395	"ATTOCK"
62420	1	2	6	33.69472	72.4551	"ATTOCK"
62419	1	2	6	33.6925	72.45415	"ATTOCK"
70599	1	2	6	33.70028	72.4655	"ATTOCK"
62623	1	2	6	33.69077	72.45168	"ATTOCK"
70680	1	99	4	33.68882	72.4489	"ATTOCK"
70723	1	99	10	33.6924	72.44822	"ATTOCK"
70689	1	99	4	33.68941	72.4498	"ATTOCK"
37087	2	1	2	33.77775	72.25225	"ATTOCK"
37091	2	1	2	33.77778	72.2538	"ATTOCK"
37082	2	1	2	33.77717	72.25252	"ATTOCK"
37044	2	1	2	33.77598	72.24982	"ATTOCK"
37081	2	1	2	33.77711	72.25198	"ATTOCK"
37045	2	1	2	33.77598	72.24983	"ATTOCK"
37155	2	2	1	33.77157	72.25432	"ATTOCK"
37127	2	2	1	33.768	72.25954	"ATTOCK"
37168	2	2	1	33.77127	72.25465	"ATTOCK"
37173	2	2	1	33.77222	72.25439	"ATTOCK"
37163	2	2	1	33.77207	72.25412	"ATTOCK"
37153	2	2	1	33.77177	72.25414	"ATTOCK"
37129	2	2	1	33.77157	72.25432	"ATTOCK"
37177	2	2	1	33.76797	72.25951	"ATTOCK"
37003	2	2	1	33.76823	72.25888	"ATTOCK"
59767	3	1	4	33.72433	72.37881	"ATTOCK"
60339	3	1	3	33.7131	72.36758	"ATTOCK"
60375	3	1	3	33.72502	72.38185	"ATTOCK"
60371	3	1	3	33.72912	72.37292	"ATTOCK"
60384	3	1	3	33.72877	72.37241	"ATTOCK"
60352	3	1	3	33.72545	72.38393	"ATTOCK"
60382	3	1	3	33.7288	72.37241	"ATTOCK"
59766	3	1	4	33.7245	72.37888	"ATTOCK"
59879	3	1	6	33.71863	72.37637	"ATTOCK"
59862	3	1	6	33.71268	72.36823	"ATTOCK"
59861	3	1	6	33.71318	72.36843	"ATTOCK"
60294	3	1	2	33.75015	72.36653	"ATTOCK"
60323	3	1	3	33.71302	72.36758	"ATTOCK"
59867	3	1	6	33.71315	72.36852	"ATTOCK"
59848	3	99	7	33.72445	72.3786	"ATTOCK"
59713	3	99	5	33.72622	72.3648	"ATTOCK"
61808	4	1	17	33.68415	72.41697	"ATTOCK"
44825	4	1	8	33.71648	72.44221	"ATTOCK"
44613	4	1	4	33.69812	72.4147	"ATTOCK"
44745	4	1	7	33.69883	72.4139	"ATTOCK"
44611	4	1	4	33.69913	72.41382	"ATTOCK"
44826	4	1	8	33.71623	72.44282	"ATTOCK"
44768	4	1	7	33.69316	72.45305	"ATTOCK"
44761	4	1	7	33.69823	72.41347	"ATTOCK"
44806	4	1	8	33.71897	72.43266	"ATTOCK"
62244	4	2	1	33.71895	72.41119	"ATTOCK"
62263	4	2	1	33.72095	72.41022	"ATTOCK"
61854	4	99	18	33.70225	72.37883	"ATTOCK"
44492	4	99	3	33.70123	72.41418	"ATTOCK"
61776	4	99	15	33.68168	72.4139	"ATTOCK"
61633	4	99	12	33.69748	72.45388	"ATTOCK"
22243	5	1	11	33.81078	72.59192	"ATTOCK"
23113	5	1	7	33.8131	72.59576	"ATTOCK"
22985	5	1	9	33.81657	72.58907	"ATTOCK"
83083	5	1	6	33.81233	72.5337	"ATTOCK"
21826	5	1	5	33.81353	72.58681	"ATTOCK"
22943	5	1	9	33.81645	72.62576	"ATTOCK"
83057	5	1	6	33.8136	72.59299	"ATTOCK"
22122	5	1	7	33.81265	72.58891	"ATTOCK"
22963	5	1	9	33.81715	72.58815	"ATTOCK"
23096	5	1	7	33.8135	72.59309	"ATTOCK"
22156	5	1	8	33.81372	72.5856	"ATTOCK"
83092	5	1	7	33.81256	72.58308	"ATTOCK"
23240	5	99	0	33.81075	72.59375	"ATTOCK"
22880	5	99	0	33.81642	72.62572	"ATTOCK"
22836	5	99	0	33.80708	72.62267	"ATTOCK"
23196	5	99	0	33.8082	72.59431	"ATTOCK"
86087	6	1	4	33.51067	72.38068	"ATTOCK"
86057	6	1	4	33.51083	72.3827	"ATTOCK"
85818	6	1	3	33.514	72.38233	"ATTOCK"
85805	6	1	3	33.51482	72.38178	"ATTOCK"
86059	6	1	4	33.5116	72.38133	"ATTOCK"
85804	6	1	3	33.51435	72.38293	"ATTOCK"
85859	6	99	1	33.5287	72.38387	"ATTOCK"
85853	6	99	1	33.5262	72.38763	"ATTOCK"
85891	6	99	2	33.5313	72.35522	"ATTOCK"
85855	6	99	1	33.52942	72.34769	"ATTOCK"
85883	6	99	2	33.51798	72.36382	"ATTOCK"
33843	7	1	6	33.8416	72.27742	"ATTOCK"
33641	7	1	5	33.84263	72.27455	"ATTOCK"
34344	7	1	3	33.8417	72.27613	"ATTOCK"
34311	7	1	3	33.83712	72.27383	"ATTOCK"
33791	7	1	6	33.83715	72.26935	"ATTOCK"
33787	7	1	6	33.84172	72.27615	"ATTOCK"
33682	7	1	5	33.83797	72.27654	"ATTOCK"
33775	7	1	6	33.83358	72.27052	"ATTOCK"
34350	7	99	2	33.83795	72.27652	"ATTOCK"
34306	7	99	2	33.84162	72.27744	"ATTOCK"
33711	7	99	4	33.84057	72.2758	"ATTOCK"
34390	7	99	1	33.83577	72.27341	"ATTOCK"
33708	7	99	4	33.84158	72.2774	"ATTOCK"
34402	7	99	1	33.83723	72.26945	"ATTOCK"
34398	7	99	1	33.83575	72.2734	"ATTOCK"
21349	8	1	1	33.2039	72.3439	"ATTOCK"
21466	8	1	3	33.202	72.34515	"ATTOCK"
21391	8	1	8	33.20233	72.35165	"ATTOCK"
21426	8	1	6	33.20175	72.3465	"ATTOCK"
21344	8	1	1	33.20145	72.3423	"ATTOCK"
20916	8	1	6	33.20298	72.34392	"ATTOCK"
20903	8	1	6	33.2028	72.34358	"ATTOCK"
21432	8	1	5	33.20205	72.34607	"ATTOCK"
20919	8	1	6	33.20162	72.34216	"ATTOCK"
21468	8	1	3	33.20201	72.34362	"ATTOCK"
21382	8	1	8	33.20278	72.3481	"ATTOCK"
20858	8	99	9	33.2067	72.3335	"ATTOCK"
21377	8	99	10	33.18632	72.36932	"ATTOCK"
21361	8	99	13	33.20642	72.34187	"ATTOCK"
21367	8	99	13	33.20747	72.34215	"ATTOCK"
21368	8	99	13	33.20747	72.34215	"ATTOCK"
52570	9	1	4	33.9255	72.3526	"ATTOCK"
52456	9	1	4	33.9256	72.35502	"ATTOCK"
53670	9	1	11	33.92845	72.35738	"ATTOCK"
52922	9	1	15	33.91555	72.3581	"ATTOCK"
52971	9	1	15	33.9118	72.35371	"ATTOCK"
52854	9	1	13	33.91692	72.3592	"ATTOCK"
53639	9	1	11	33.92602	72.35633	"ATTOCK"
52995	9	1	15	33.91152	72.35242	"ATTOCK"
53116	9	1	15	33.91273	72.3534	"ATTOCK"
53730	9	1	7	33.92128	72.35803	"ATTOCK"
52934	9	1	15	33.91663	72.35525	"ATTOCK"
52723	9	1	12	33.91905	72.3558	"ATTOCK"
53908	9	1	9	33.92132	72.3581	"ATTOCK"
52992	9	1	15	33.92572	72.35242	"ATTOCK"
52501	9	99	6	33.92572	72.3543	"ATTOCK"
53085	9	99	17	33.91183	72.34248	"ATTOCK"
45771	11	1	5	33.77467	72.47407	"ATTOCK"
45504	11	1	3	33.78782	72.47915	"ATTOCK"
45750	11	1	5	33.78308	72.47427	"ATTOCK"
45587	11	1	4	33.78677	72.48186	"ATTOCK"
45494	11	1	3	33.78628	72.48148	"ATTOCK"
45483	11	1	3	33.78687	72.4808	"ATTOCK"
45428	11	1	3	33.79296	72.48188	"ATTOCK"
45640	11	1	5	33.78707	72.48185	"ATTOCK"
45445	11	1	3	33.79173	72.48205	"ATTOCK"
45400	11	1	2	33.79085	72.48047	"ATTOCK"
45388	11	1	2	33.79188	72.48202	"ATTOCK"
45376	11	1	1	33.79395	72.4815	"ATTOCK"
45515	11	1	3	33.78755	72.48138	"ATTOCK"
46108	11	99	6	33.78456	72.48655	"ATTOCK"
46191	11	99	8	33.7828	72.48552	"ATTOCK"
46222	11	99	8	33.77737	72.48495	"ATTOCK"
46270	11	99	0	33.77737	72.48495	"ATTOCK"
95265	12	1	1	33.52335	72.51335	"ATTOCK"
28740	12	2	6	33.51487	72.51398	"ATTOCK"
28655	12	2	5	33.503	72.51978	"ATTOCK"
28672	12	2	5	33.52217	72.51299	"ATTOCK"
28659	12	2	5	33.50883	72.53101	"ATTOCK"
28744	12	2	5	33.52343	72.51352	"ATTOCK"
95303	12	3	2	33.50853	72.51788	"ATTOCK"
95276	12	3	2	33.50628	72.52122	"ATTOCK"
28618	12	99	3	33.50932	72.52132	"ATTOCK"
28867	12	99	3	33.50303	72.5198	"ATTOCK"
95319	12	99	8	33.50885	72.5312	"ATTOCK"
48558	13	1	5	33.9442	72.45615	"ATTOCK"
48781	13	1	5	33.95908	72.4451	"ATTOCK"
48733	13	1	5	33.94325	72.45405	"ATTOCK"
48552	13	1	5	33.94378	72.45596	"ATTOCK"
48589	13	1	5	33.94437	72.45309	"ATTOCK"
48746	13	1	5	33.95945	72.44718	"ATTOCK"
48705	13	1	5	33.96008	72.44456	"ATTOCK"
48698	13	1	5	33.95872	72.44587	"ATTOCK"
48860	13	2	2	33.95862	72.44452	"ATTOCK"
48865	13	2	1	33.95735	72.44282	"ATTOCK"
48793	13	2	1	33.95512	72.44248	"ATTOCK"
48763	13	2	2	33.95687	72.4447	"ATTOCK"
48509	13	2	3	33.96032	72.44872	"ATTOCK"
48647	13	2	3	33.96022	72.4487	"ATTOCK"
48856	13	2	2	33.95837	72.44445	"ATTOCK"
48682	13	3	4	33.9595	72.44611	"ATTOCK"
19279	14	1	3	33.26568	72.29298	"ATTOCK"
19716	14	1	8	33.2653	72.29527	"ATTOCK"
19756	14	1	8	33.2653	72.29662	"ATTOCK"
19805	14	1	12	33.26688	72.29665	"ATTOCK"
19082	14	1	2	33.26482	72.29145	"ATTOCK"
19650	14	1	12	33.26167	72.29436	"ATTOCK"
26603	15	1	1	33.545	72.5389	"ATTOCK"
26672	15	1	2	33.54645	72.5389	"ATTOCK"
85363	15	1	5	33.55091	72.53452	"ATTOCK"
26670	15	1	2	33.54633	72.5389	"ATTOCK"
26761	15	1	2	33.548	72.5393	"ATTOCK"
26954	15	1	5	33.54972	72.53505	"ATTOCK"
26865	15	1	3	33.55958	72.5313	"ATTOCK"
85361	15	1	5	33.54811	72.53965	"ATTOCK"
26936	15	1	4	33.5496	72.5357	"ATTOCK"
26804	15	1	2	33.54605	72.542	"ATTOCK"
26766	15	1	2	33.54807	72.53978	"ATTOCK"
26818	15	1	2	33.54913	72.54348	"ATTOCK"
26722	15	2	7	33.5925	72.52505	"ATTOCK"
27145	15	99	0	33.58503	72.53381	"ATTOCK"
27017	15	99	0	33.55023	72.55579	"ATTOCK"
27165	15	99	0	33.59215	72.52545	"ATTOCK"
47189	16	1	3	33.95773	72.53902	"ATTOCK"
46377	16	1	4	33.95957	72.54182	"ATTOCK"
46600	16	1	3	33.9595	72.54148	"ATTOCK"
46733	16	1	2	33.95743	72.5373	"ATTOCK"
46668	16	1	4	33.95838	72.53965	"ATTOCK"
47581	16	1	2	33.95683	72.54118	"ATTOCK"
46718	16	1	3	33.9596	72.54158	"ATTOCK"
46658	16	1	2	33.9577	72.53858	"ATTOCK"
46663	16	1	2	33.95765	72.55511	"ATTOCK"
46628	16	1	4	33.95817	72.54079	"ATTOCK"
46579	16	1	4	33.9608	72.54017	"ATTOCK"
46351	16	1	4	33.96178	72.54079	"ATTOCK"
46734	16	1	3	33.96124	72.54243	"ATTOCK"
47314	16	1	2	33.95695	72.54057	"ATTOCK"
47287	16	99	1	33.94223	72.53405	"ATTOCK"
47257	16	99	1	33.94035	72.53653	"ATTOCK"
34900	17	1	3	33.7515	72.38033	"ATTOCK"
34909	17	1	3	33.75043	72.38599	"ATTOCK"
35201	17	2	2	33.7476	72.38902	"ATTOCK"
7817	17	2	1	33.74854	72.38932	"ATTOCK"
35161	17	2	2	33.74905	72.3864	"ATTOCK"
35193	17	2	2	33.75767	72.38537	"ATTOCK"
7827	17	2	1	33.74883	72.38903	"ATTOCK"
7745	17	2	1	33.7482	72.38892	"ATTOCK"
35223	17	2	2	33.75	72.38853	"ATTOCK"
7865	17	2	1	33.74582	72.38853	"ATTOCK"
35232	17	2	2	33.74997	72.38583	"ATTOCK"
35266	17	2	2	33.74847	72.38969	"ATTOCK"
7802	17	2	1	33.75112	72.38907	"ATTOCK"
7823	17	2	1	33.74842	72.38962	"ATTOCK"
23897	19	1	2	33.6662	72.7378	"ATTOCK"
23855	19	1	1	33.65947	72.73963	"ATTOCK"
23955	19	1	3	33.65597	72.7431	"ATTOCK"
23907	19	1	2	33.66588	72.73837	"ATTOCK"
23942	19	1	3	33.65457	72.74445	"ATTOCK"
23937	19	1	3	33.65619	72.74606	"ATTOCK"
23889	19	1	2	33.66858	72.73843	"ATTOCK"
23938	19	1	3	33.65597	72.74675	"ATTOCK"
23819	19	1	1	33.66008	72.73846	"ATTOCK"
23877	19	1	2	33.67167	72.73753	"ATTOCK"
23859	19	1	1	33.65922	72.73837	"ATTOCK"
23954	19	1	3	33.65588	72.74335	"ATTOCK"
23994	19	99	5	33.64877	72.74033	"ATTOCK"
23966	19	99	4	33.64833	72.74422	"ATTOCK"
23992	19	99	5	33.64877	72.74033	"ATTOCK"
55221	20	1	1	33.89015	72.37825	"ATTOCK"
55580	20	1	2	33.88963	72.38073	"ATTOCK"
55462	20	1	3	33.88725	72.3801	"ATTOCK"
55419	20	1	2	33.88811	72.38071	"ATTOCK"
55565	20	1	1	33.88807	72.38068	"ATTOCK"
55489	20	1	4	33.91985	72.38047	"ATTOCK"
55247	20	1	1	33.8905	72.37783	"ATTOCK"
55520	20	1	1	33.8867	72.37981	"ATTOCK"
55339	20	1	2	33.88883	72.38071	"ATTOCK"
55412	20	1	2	33.88823	72.38077	"ATTOCK"
55564	20	1	2	33.8875	72.3751	"ATTOCK"
55318	20	1	2	33.89013	72.38094	"ATTOCK"
55533	20	1	1	33.88737	72.38015	"ATTOCK"
55370	20	1	1	33.88948	72.38	"ATTOCK"
55309	20	1	1	33.88817	72.38073	"ATTOCK"
55610	20	1	1	33.92282	72.37666	"ATTOCK"
55242	20	1	1	33.89058	72.37865	"ATTOCK"
51643	21	1	2	33.94667	72.42017	"ATTOCK"
51752	21	1	3	33.9412	72.41846	"ATTOCK"
51635	21	1	3	33.94278	72.41634	"ATTOCK"
51702	21	1	3	33.94518	72.4244	"ATTOCK"
51691	21	1	1	33.94675	72.42337	"ATTOCK"
51640	21	1	6	33.94162	72.41837	"ATTOCK"
51654	21	1	2	33.94587	72.42	"ATTOCK"
51712	21	1	3	33.9446	72.42412	"ATTOCK"
51710	21	1	4	33.94413	72.425	"ATTOCK"
51639	21	1	6	33.94233	72.4185	"ATTOCK"
51700	21	1	3	33.94212	72.41683	"ATTOCK"
51650	21	1	6	33.94625	72.41576	"ATTOCK"
51669	21	1	1	33.94515	72.42381	"ATTOCK"
51736	21	1	4	33.9445	72.42496	"ATTOCK"
51693	21	1	7	33.94495	72.4233	"ATTOCK"
51706	21	99	5	33.94427	72.42297	"ATTOCK"
95695	24	1	4	33.89007	72.50166	"ATTOCK"
95759	24	1	1	33.89273	72.50127	"ATTOCK"
80483	24	1	3	33.88877	72.50423	"ATTOCK"
80391	24	1	1	33.8938	72.5008	"ATTOCK"
95728	24	1	4	33.88953	72.50098	"ATTOCK"
80479	24	1	3	33.88883	72.50435	"ATTOCK"
95705	24	1	1	33.88427	72.50063	"ATTOCK"
95639	24	1	4	33.88722	72.50308	"ATTOCK"
95638	24	1	4	33.88608	72.50353	"ATTOCK"
80398	24	1	3	33.89252	72.50225	"ATTOCK"
80402	24	1	3	33.89197	72.50172	"ATTOCK"
95814	24	1	1	33.89302	72.50097	"ATTOCK"
80542	24	1	5	33.88768	72.50256	"ATTOCK"
95810	24	1	4	33.88768	72.50256	"ATTOCK"
95626	24	1	4	33.88772	72.50179	"ATTOCK"
95686	24	99	2	33.89088	72.5011	"ATTOCK"
95795	24	99	6	33.88455	72.501	"ATTOCK"
24259	26	1	1	33.4531	72.5408	"ATTOCK"
24258	26	1	1	33.45317	72.54089	"ATTOCK"
24274	26	1	1	33.45345	72.5414	"ATTOCK"
24308	26	99	0	33.46438	72.53493	"ATTOCK"
24303	26	99	0	33.45767	72.56195	"ATTOCK"
24283	26	99	0	33.46587	72.56163	"ATTOCK"
24246	26	99	0	33.46497	72.55383	"ATTOCK"
24267	26	99	0	33.45333	72.54591	"ATTOCK"
24252	26	99	0	33.4687	72.56067	"ATTOCK"
24269	26	99	0	33.46815	72.55199	"ATTOCK"
24271	26	99	0	33.45912	72.54939	"ATTOCK"
24285	26	99	0	33.46878	72.5605	"ATTOCK"
24247	26	99	0	33.46217	72.55593	"ATTOCK"
24232	26	99	0	33.46008	72.54812	"ATTOCK"
24301	26	99	0	33.45889	72.5684	"ATTOCK"
24302	26	99	0	33.45761	72.56545	"ATTOCK"
25345	27	1	5	33.39038	72.481	"ATTOCK"
25077	27	1	2	33.39283	72.48251	"ATTOCK"
25115	27	1	3	33.39428	72.4818	"ATTOCK"
25079	27	1	2	33.39335	72.4836	"ATTOCK"
25123	27	1	4	33.39988	72.47726	"ATTOCK"
25025	27	1	1	33.39457	72.48528	"ATTOCK"
25336	27	1	5	33.38928	72.4805	"ATTOCK"
25114	27	1	3	33.39428	72.4818	"ATTOCK"
25021	27	1	1	33.39422	72.48693	"ATTOCK"
25142	27	1	4	33.39282	72.48247	"ATTOCK"
25397	27	99	0	33.40505	72.4874	"ATTOCK"
25409	27	99	0	33.4128	72.48257	"ATTOCK"
25394	27	99	0	33.4021	72.49752	"ATTOCK"
25368	27	99	0	33.38933	72.48016	"ATTOCK"
25288	27	99	7	33.39057	72.5152	"ATTOCK"
25250	27	99	6	33.39355	72.4926	"ATTOCK"
75005	28	1	3	33.40725	72.63222	"ATTOCK"
25513	28	1	6	33.38432	72.65055	"ATTOCK"
25647	28	1	3	33.40687	72.62303	"ATTOCK"
25470	28	1	5	33.40698	72.63393	"ATTOCK"
25471	28	1	5	33.4068	72.6344	"ATTOCK"
25504	28	1	6	33.3893	72.66521	"ATTOCK"
25740	28	1	3	33.40863	72.55286	"ATTOCK"
25713	28	1	6	33.40565	72.63805	"ATTOCK"
75019	28	1	3	33.40803	72.63322	"ATTOCK"
25451	28	1	5	33.40682	72.632	"ATTOCK"
25482	28	1	5	33.408	72.55035	"ATTOCK"
75029	28	1	3	33.40737	72.63375	"ATTOCK"
75037	28	1	3	33.408	72.55065	"ATTOCK"
25667	28	2	4	33.40628	72.62875	"ATTOCK"
25741	28	2	4	33.4055	72.62427	"ATTOCK"
25658	28	2	4	33.40442	72.55579	"ATTOCK"
54597	29	1	3	33.92543	72.3682	"ATTOCK"
54539	29	1	5	33.92311	72.3621	"ATTOCK"
54319	29	1	2	33.92533	72.36445	"ATTOCK"
54288	29	1	2	33.9225	72.36314	"ATTOCK"
71920	29	1	4	33.92252	72.36183	"ATTOCK"
54294	29	1	2	33.92208	72.36327	"ATTOCK"
54289	29	1	2	33.9222	72.36315	"ATTOCK"
54614	29	1	1	33.92775	72.36675	"ATTOCK"
54625	29	1	1	33.93107	72.3684	"ATTOCK"
54609	29	1	3	33.92558	72.3667	"ATTOCK"
54457	29	1	3	33.9241	72.36662	"ATTOCK"
54451	29	1	3	33.92482	72.36075	"ATTOCK"
71910	29	1	4	33.92253	72.36234	"ATTOCK"
71903	29	1	4	33.92308	72.36214	"ATTOCK"
71909	29	1	4	33.9226	72.36227	"ATTOCK"
54350	29	1	1	33.93112	72.36932	"ATTOCK"
56227	30	1	2	33.92342	72.42475	"ATTOCK"
56158	30	1	3	33.92558	72.42506	"ATTOCK"
56162	30	1	3	33.92528	72.4251	"ATTOCK"
56233	30	1	1	33.92635	72.42078	"ATTOCK"
56189	30	1	2	33.92315	72.42455	"ATTOCK"
56147	30	1	3	33.92033	72.42542	"ATTOCK"
56165	30	1	3	33.9248	72.42445	"ATTOCK"
56252	30	1	1	33.92484	72.42333	"ATTOCK"
56168	30	1	2	33.92415	72.42764	"ATTOCK"
56172	30	1	2	33.92407	72.42818	"ATTOCK"
56194	30	1	3	33.92465	72.42388	"ATTOCK"
56213	30	1	3	33.92682	72.4261	"ATTOCK"
56125	30	1	2	33.91683	72.42855	"ATTOCK"
56207	30	1	3	33.92562	72.42622	"ATTOCK"
56170	30	1	2	33.92418	72.42835	"ATTOCK"
56181	30	1	2	33.92277	72.42654	"ATTOCK"
62810	31	1	2	33.60489	72.78439	"ATTOCK"
62772	31	1	1	33.6056	72.77905	"ATTOCK"
62815	31	1	2	33.60377	72.78302	"ATTOCK"
63090	31	99	0	33.59403	72.79505	"ATTOCK"
63117	31	99	0	33.5998	72.80975	"ATTOCK"
62821	31	99	3	33.6053	72.78212	"ATTOCK"
62929	31	99	0	33.60743	72.80521	"ATTOCK"
63151	31	99	0	33.60363	72.80718	"ATTOCK"
62934	31	99	0	33.60037	72.79433	"ATTOCK"
63127	31	99	0	33.60263	72.81161	"ATTOCK"
62904	31	99	4	33.60252	72.78665	"ATTOCK"
62928	31	99	0	33.6032	72.7986	"ATTOCK"
63105	31	99	0	33.59465	72.81523	"ATTOCK"
62859	31	99	4	33.605	72.78584	"ATTOCK"
63072	31	99	0	33.59623	72.80938	"ATTOCK"
63062	31	99	0	33.59663	72.80973	"ATTOCK"
57115	32	1	3	33.90177	72.31155	"ATTOCK"
56692	32	1	2	33.89962	72.31015	"ATTOCK"
56672	32	1	2	33.90002	72.31017	"ATTOCK"
56626	32	1	2	33.8995	72.30997	"ATTOCK"
56719	32	1	4	33.89983	72.31017	"ATTOCK"
56787	32	1	4	33.90065	72.31043	"ATTOCK"
56686	32	1	2	33.89975	72.31015	"ATTOCK"
56740	32	1	4	33.90083	72.311	"ATTOCK"
56829	32	1	7	33.905	72.31388	"ATTOCK"
57189	32	1	8	33.90248	72.31035	"ATTOCK"
56687	32	1	2	33.89953	72.31	"ATTOCK"
56911	32	1	3	33.9056	72.3085	"ATTOCK"
56633	32	1	2	33.89927	72.30994	"ATTOCK"
56859	32	1	4	33.90248	72.30912	"ATTOCK"
56825	32	1	7	33.90532	72.31316	"ATTOCK"
38813	35	1	2	33.85152	72.39698	"ATTOCK"
39476	35	1	1	33.8536	72.4012	"ATTOCK"
38646	35	1	2	33.85505	72.39513	"ATTOCK"
38914	35	1	2	33.85135	72.39727	"ATTOCK"
39430	35	1	3	33.85395	72.39548	"ATTOCK"
38830	35	1	2	33.85278	72.39655	"ATTOCK"
38922	35	1	2	33.85312	72.38422	"ATTOCK"
39471	35	1	1	33.85503	72.39805	"ATTOCK"
38713	35	1	2	33.85058	72.39398	"ATTOCK"
38651	35	1	2	33.85477	72.39592	"ATTOCK"
38911	35	1	2	33.85403	72.39848	"ATTOCK"
38834	35	1	2	33.85308	72.39697	"ATTOCK"
38660	35	1	2	33.85423	72.39633	"ATTOCK"
38849	35	1	2	33.85349	72.39612	"ATTOCK"
38868	35	1	2	33.85423	72.39612	"ATTOCK"
39463	35	1	3	33.86073	72.39875	"ATTOCK"
26371	37	1	2	33.50027	72.86938	"ATTOCK"
26377	37	1	2	33.51695	72.8704	"ATTOCK"
26063	37	2	4	33.50863	72.88223	"ATTOCK"
26032	37	2	4	33.50588	72.88198	"ATTOCK"
26068	37	2	4	33.50883	72.88208	"ATTOCK"
26158	37	99	6	33.50728	72.87517	"ATTOCK"
26332	37	99	1	33.51135	72.86726	"ATTOCK"
26325	37	99	1	33.51195	72.86927	"ATTOCK"
26084	37	99	5	33.50712	72.88333	"ATTOCK"
26156	37	99	6	33.50817	72.8775	"ATTOCK"
26135	37	99	6	33.50782	72.87818	"ATTOCK"
26211	37	99	0	33.50235	72.8817	"ATTOCK"
26512	37	99	0	33.4848	72.90186	"ATTOCK"
26177	37	99	7	33.50262	72.87535	"ATTOCK"
13634	39	1	3	33.58112	72.16883	"ATTOCK"
149	39	1	3	33.57823	72.15732	"ATTOCK"
3875	39	1	2	33.58068	72.17419	"ATTOCK"
13036	39	1	2	33.58165	72.1719	"ATTOCK"
169	39	1	3	33.58213	72.1668	"ATTOCK"
3879	39	1	2	33.58055	72.17464	"ATTOCK"
176	39	1	3	33.58433	72.16499	"ATTOCK"
13640	39	1	3	33.58243	72.16845	"ATTOCK"
3832	39	1	2	33.5741	72.17588	"ATTOCK"
12963	39	1	2	33.58215	72.16969	"ATTOCK"
13038	39	1	1	33.58185	72.16905	"ATTOCK"
247	39	99	0	33.58523	72.16512	"ATTOCK"
13005	39	99	0	33.58265	72.16927	"ATTOCK"
13511	39	99	0	33.57795	72.16873	"ATTOCK"
12970	39	99	0	33.5849	72.16963	"ATTOCK"
50276	40	1	4	33.90577	72.48689	"ATTOCK"
50519	40	1	4	33.90413	72.48888	"ATTOCK"
50360	40	1	4	33.90423	72.48891	"ATTOCK"
50295	40	1	4	33.90438	72.48832	"ATTOCK"
50328	40	1	4	33.90396	72.48945	"ATTOCK"
50401	40	1	5	33.90413	72.48985	"ATTOCK"
50399	40	1	5	33.90257	72.48782	"ATTOCK"
50277	40	1	4	33.90308	72.48925	"ATTOCK"
50428	40	1	5	33.90162	72.48818	"ATTOCK"
50327	40	1	4	33.90425	72.48938	"ATTOCK"
50293	40	1	4	33.90413	72.4883	"ATTOCK"
50199	40	99	1	33.94217	72.47411	"ATTOCK"
50256	40	99	2	33.92904	72.4767	"ATTOCK"
50236	40	99	2	33.9296	72.47694	"ATTOCK"
50204	40	99	1	33.93973	72.47048	"ATTOCK"
50263	40	99	3	33.9083	72.48264	"ATTOCK"
50224	40	99	2	33.93077	72.47715	"ATTOCK"
50230	40	99	2	33.92978	72.47698	"ATTOCK"
27913	41	1	9	33.59607	72.75784	"ATTOCK"
27898	41	1	9	33.59607	72.75875	"ATTOCK"
27961	41	1	3	33.59917	72.75793	"ATTOCK"
28005	41	1	5	33.5939	72.76158	"ATTOCK"
27985	41	1	3	33.59593	72.75875	"ATTOCK"
28392	41	1	2	33.58862	72.7683	"ATTOCK"
27942	41	1	5	33.59593	72.75896	"ATTOCK"
27841	41	1	5	33.59792	72.75915	"ATTOCK"
28398	41	1	2	33.59022	72.7668	"ATTOCK"
27905	41	1	9	33.59485	72.75974	"ATTOCK"
27956	41	1	3	33.59575	72.75675	"ATTOCK"
27998	41	1	3	33.59485	72.75974	"ATTOCK"
28391	41	1	2	33.58905	72.76828	"ATTOCK"
27720	41	1	4	33.59381	72.75961	"ATTOCK"
27872	41	1	9	33.59642	72.76137	"ATTOCK"
28410	41	99	10	33.58992	72.76936	"ATTOCK"
14547	43	1	5	33.59101	72.09457	"ATTOCK"
14502	43	1	6	33.59407	72.09092	"ATTOCK"
15485	43	1	3	33.59825	72.09275	"ATTOCK"
15390	43	1	2	33.59472	72.09103	"ATTOCK"
14506	43	1	6	33.59388	72.09095	"ATTOCK"
15475	43	1	3	33.59782	72.09343	"ATTOCK"
14851	43	2	10	33.59265	72.08525	"ATTOCK"
14695	43	2	10	33.59423	72.08823	"ATTOCK"
14740	43	2	8	33.59917	72.09333	"ATTOCK"
14736	43	2	8	33.59505	72.08865	"ATTOCK"
14763	43	2	7	33.59438	72.0892	"ATTOCK"
14752	43	2	7	33.59468	72.08885	"ATTOCK"
14638	43	99	4	33.58412	72.0883	"ATTOCK"
14628	43	99	4	33.59238	72.09077	"ATTOCK"
92542	45	1	5	33.93878	72.39077	"ATTOCK"
92607	45	1	6	33.93945	72.39052	"ATTOCK"
92774	45	1	1	33.94363	72.39152	"ATTOCK"
92518	45	1	4	33.93287	72.393	"ATTOCK"
92575	45	1	3	33.94007	72.3867	"ATTOCK"
92540	45	1	5	33.93277	72.39262	"ATTOCK"
92405	45	1	1	33.94363	72.39152	"ATTOCK"
92775	45	1	1	33.94363	72.39152	"ATTOCK"
92750	45	1	1	33.94157	72.39415	"ATTOCK"
92659	45	1	6	33.9301	72.39088	"ATTOCK"
92764	45	1	1	33.94081	72.39585	"ATTOCK"
92528	45	1	4	33.93938	72.39227	"ATTOCK"
92614	45	1	6	33.9361	72.3869	"ATTOCK"
57629	50	1	5	33.9369	72.40804	"ATTOCK"
58495	50	1	4	33.92323	72.40328	"ATTOCK"
57624	50	1	5	33.93637	72.4085	"ATTOCK"
58412	50	1	1	33.91942	72.4086	"ATTOCK"
58266	50	1	2	33.92303	72.40743	"ATTOCK"
63304	50	1	1	33.91932	72.4084	"ATTOCK"
58476	50	1	4	33.9225	72.40165	"ATTOCK"
57597	50	1	4	33.93553	72.40375	"ATTOCK"
58385	50	1	2	33.91798	72.4004	"ATTOCK"
63231	50	99	1	33.92202	72.4096	"ATTOCK"
8547	51	1	2	31.3417	72.8495	"FAISALABAD"
8485	51	1	4	31.34112	72.84946	"FAISALABAD"
5776	51	1	6	31.3426	72.8501	"FAISALABAD"
8579	51	1	4	31.3407	72.85181	"FAISALABAD"
8722	51	1	4	31.34077	72.85298	"FAISALABAD"
5845	51	1	6	31.34408	72.85001	"FAISALABAD"
8634	51	1	5	31.34225	72.84922	"FAISALABAD"
5707	51	1	3	31.34087	72.84978	"FAISALABAD"
8655	51	1	6	31.3407	72.8496	"FAISALABAD"
8447	51	1	2	31.34008	72.85236	"FAISALABAD"
5624	51	1	3	31.34142	72.84969	"FAISALABAD"
5846	51	1	6	31.34397	72.8499	"FAISALABAD"
5732	51	1	1	31.3407	72.85175	"FAISALABAD"
5848	51	1	6	31.3439	72.84908	"FAISALABAD"
5747	51	1	1	31.3401	72.84982	"FAISALABAD"
5806	51	1	6	31.34063	72.84956	"FAISALABAD"
6790	52	1	4	31.29672	72.83546	"FAISALABAD"
81791	52	1	3	31.29685	72.83665	"FAISALABAD"
81766	52	1	3	31.29925	72.83601	"FAISALABAD"
6736	52	1	2	31.2972	72.83096	"FAISALABAD"
81822	52	1	1	31.29772	72.83697	"FAISALABAD"
81887	52	1	5	31.29802	72.83625	"FAISALABAD"
6796	52	1	4	31.29738	72.83414	"FAISALABAD"
81757	52	1	1	31.2989	72.83563	"FAISALABAD"
81761	52	1	3	31.29897	72.83577	"FAISALABAD"
81774	52	1	3	31.29677	72.83533	"FAISALABAD"
6772	52	1	4	31.29812	72.83479	"FAISALABAD"
81752	52	1	1	31.299	72.83575	"FAISALABAD"
81776	52	1	3	31.29802	72.83625	"FAISALABAD"
6700	52	1	4	31.29723	72.83614	"FAISALABAD"
81738	52	1	1	31.29863	72.83691	"FAISALABAD"
81728	52	1	1	31.29875	72.83646	"FAISALABAD"
5467	55	1	3	31.5392	73.05666	"FAISALABAD"
5472	55	1	3	31.5389	73.05562	"FAISALABAD"
5184	55	1	1	31.54002	73.05318	"FAISALABAD"
5413	55	1	3	31.54055	73.05542	"FAISALABAD"
5420	55	1	3	31.54027	73.05497	"FAISALABAD"
5405	55	1	3	31.5391	73.05617	"FAISALABAD"
5290	55	1	2	31.5411	73.05542	"FAISALABAD"
5464	55	1	3	31.54018	73.0567	"FAISALABAD"
96028	55	2	5	31.541	73.0586	"FAISALABAD"
95892	55	2	5	31.53713	73.05955	"FAISALABAD"
96002	55	2	5	31.54007	73.0596	"FAISALABAD"
95918	55	2	5	31.53937	73.05138	"FAISALABAD"
95915	55	2	5	31.53938	73.06049	"FAISALABAD"
95885	55	2	5	31.53917	73.0597	"FAISALABAD"
95859	55	99	6	31.54643	73.0573	"FAISALABAD"
85622	57	1	4	31.20682	73.25547	"FAISALABAD"
81001	57	1	4	31.20768	73.25658	"FAISALABAD"
80976	57	1	4	31.20773	73.25798	"FAISALABAD"
85655	57	1	3	31.20735	73.25545	"FAISALABAD"
81124	57	2	6	31.22295	73.25945	"FAISALABAD"
81026	57	2	6	31.2025	73.25224	"FAISALABAD"
81134	57	2	6	31.20177	73.2518	"FAISALABAD"
81201	57	2	6	31.20222	73.25368	"FAISALABAD"
81064	57	2	6	31.20188	73.25242	"FAISALABAD"
81020	57	2	6	31.20243	73.25246	"FAISALABAD"
85724	57	2	5	31.203	73.25359	"FAISALABAD"
81161	57	2	6	31.20198	73.25269	"FAISALABAD"
81023	57	2	6	31.20267	73.25235	"FAISALABAD"
81082	57	2	6	31.20155	73.2521	"FAISALABAD"
81200	57	2	6	31.20232	73.25391	"FAISALABAD"
85699	57	3	7	31.22293	73.25941	"FAISALABAD"
75619	58	1	5	31.24248	73.22556	"FAISALABAD"
75603	58	1	5	31.24345	73.22528	"FAISALABAD"
75580	58	1	5	31.242	73.22453	"FAISALABAD"
75883	58	1	2	31.24153	73.22588	"FAISALABAD"
75587	58	1	5	31.2418	73.22522	"FAISALABAD"
75712	58	1	3	31.24345	73.22845	"FAISALABAD"
75722	58	1	3	31.24348	73.22835	"FAISALABAD"
75969	58	1	1	31.24198	73.22462	"FAISALABAD"
75694	58	1	4	31.24408	73.2264	"FAISALABAD"
75683	58	1	4	31.2432	73.22685	"FAISALABAD"
75684	58	1	4	31.2431	73.2271	"FAISALABAD"
75743	58	1	3	31.24413	73.22636	"FAISALABAD"
75690	58	1	4	31.24367	73.22625	"FAISALABAD"
75584	58	1	5	31.24157	73.22462	"FAISALABAD"
75578	58	1	5	31.24203	73.2243	"FAISALABAD"
75896	58	1	2	31.24192	73.22625	"FAISALABAD"
96538	59	1	2	31.49372	72.87315	"FAISALABAD"
96707	59	1	1	31.49168	72.87424	"FAISALABAD"
72744	59	1	3	31.49237	72.87808	"FAISALABAD"
96813	59	1	1	31.4865	72.87327	"FAISALABAD"
72645	59	1	4	31.49355	72.87673	"FAISALABAD"
96660	59	1	2	31.49307	72.87375	"FAISALABAD"
96761	59	1	1	31.49198	72.8726	"FAISALABAD"
72350	59	1	4	31.49385	72.87552	"FAISALABAD"
72311	59	1	4	31.49345	72.87521	"FAISALABAD"
88981	59	2	9	31.48255	72.85775	"FAISALABAD"
88751	59	2	7	31.48832	72.86427	"FAISALABAD"
88699	59	2	7	31.48798	72.86573	"FAISALABAD"
88965	59	2	9	31.484	72.85844	"FAISALABAD"
88914	59	2	7	31.48895	72.85985	"FAISALABAD"
88578	59	2	5	31.49107	72.86068	"FAISALABAD"
88846	59	2	7	31.49003	72.86055	"FAISALABAD"
69762	60	1	3	31.46515	72.8725	"FAISALABAD"
69662	60	1	3	31.46678	72.87318	"FAISALABAD"
69369	60	1	5	31.4678	72.87598	"FAISALABAD"
69750	60	1	3	31.46535	72.87323	"FAISALABAD"
69816	60	1	3	31.465	72.87323	"FAISALABAD"
69351	60	1	5	31.46822	72.87548	"FAISALABAD"
69635	60	1	1	31.46808	72.8723	"FAISALABAD"
69673	60	1	3	31.46652	72.87537	"FAISALABAD"
84006	60	1	4	31.4678	72.87286	"FAISALABAD"
69666	60	1	3	31.4627	72.87175	"FAISALABAD"
72068	60	1	2	31.47023	72.87244	"FAISALABAD"
69682	60	1	3	31.46673	72.87225	"FAISALABAD"
69491	60	2	9	31.46802	72.86937	"FAISALABAD"
69533	60	2	9	31.46102	72.85329	"FAISALABAD"
69500	60	2	9	31.46208	72.85008	"FAISALABAD"
69599	60	2	9	31.45852	72.85647	"FAISALABAD"
71388	61	1	4	31.42758	72.90134	"FAISALABAD"
71616	61	1	1	31.42715	72.90193	"FAISALABAD"
71608	61	1	1	31.4275	72.90172	"FAISALABAD"
71354	61	1	4	31.42938	72.90013	"FAISALABAD"
71626	61	1	1	31.42812	72.9019	"FAISALABAD"
71359	61	1	4	31.42837	72.90203	"FAISALABAD"
71369	61	1	4	31.42782	72.9005	"FAISALABAD"
71440	61	1	3	31.42893	72.90134	"FAISALABAD"
71528	61	1	2	31.42643	72.89937	"FAISALABAD"
71579	61	1	1	31.42768	72.90107	"FAISALABAD"
71479	61	1	3	31.42785	72.90072	"FAISALABAD"
71578	61	1	1	31.42757	72.9013	"FAISALABAD"
71466	61	1	3	31.4284	72.90311	"FAISALABAD"
71644	61	1	1	31.42818	72.90283	"FAISALABAD"
71601	61	1	1	31.42837	72.90203	"FAISALABAD"
71687	61	2	5	31.42878	72.90148	"FAISALABAD"
94025	62	1	2	31.41208	72.90102	"FAISALABAD"
94031	62	1	2	31.41128	72.90134	"FAISALABAD"
94039	62	1	5	31.41067	72.90125	"FAISALABAD"
93971	62	1	1	31.41212	72.90292	"FAISALABAD"
93981	62	1	1	31.41112	72.9015	"FAISALABAD"
93972	62	1	1	31.40988	72.90257	"FAISALABAD"
94056	62	1	5	31.41133	72.90078	"FAISALABAD"
94052	62	1	5	31.41008	72.90044	"FAISALABAD"
94008	62	1	1	31.41128	72.90144	"FAISALABAD"
93960	62	1	1	31.41087	72.9025	"FAISALABAD"
93973	62	1	1	31.40985	72.90253	"FAISALABAD"
94073	62	1	5	31.41103	72.8997	"FAISALABAD"
94038	62	1	5	31.41075	72.90044	"FAISALABAD"
94050	62	1	5	31.41018	72.90075	"FAISALABAD"
93986	62	1	1	31.41097	72.90078	"FAISALABAD"
93920	62	1	1	31.41215	72.90285	"FAISALABAD"
68234	64	1	6	31.5221	73.03793	"FAISALABAD"
68103	64	2	1	31.52788	73.03844	"FAISALABAD"
68212	64	2	1	31.52777	73.03795	"FAISALABAD"
3253	64	2	4	31.52758	73.03423	"FAISALABAD"
68172	64	2	1	31.52677	73.03754	"FAISALABAD"
67977	64	2	2	31.52627	73.03526	"FAISALABAD"
3348	64	2	3	31.52697	73.03478	"FAISALABAD"
68021	64	2	2	31.52717	73.03706	"FAISALABAD"
68064	64	2	1	31.52773	73.03767	"FAISALABAD"
3293	64	2	4	31.52812	73.03468	"FAISALABAD"
68074	64	2	1	31.52708	73.03463	"FAISALABAD"
68207	64	2	1	31.52757	73.03748	"FAISALABAD"
3595	64	3	5	31.52953	73.0361	"FAISALABAD"
3547	64	3	5	31.53078	73.03278	"FAISALABAD"
3531	64	3	5	31.53003	73.03392	"FAISALABAD"
3559	64	3	5	31.52782	73.03745	"FAISALABAD"
2362	66	1	2	31.5018	72.94923	"FAISALABAD"
2401	66	1	2	31.50095	72.95047	"FAISALABAD"
2395	66	1	2	31.50197	72.94975	"FAISALABAD"
6441	66	1	3	31.52057	72.93587	"FAISALABAD"
2590	66	1	4	31.52088	72.93713	"FAISALABAD"
6544	66	1	3	31.50593	72.94717	"FAISALABAD"
2493	66	1	4	31.52132	72.93649	"FAISALABAD"
6408	66	1	3	31.50597	72.94852	"FAISALABAD"
2530	66	1	4	31.50273	72.94733	"FAISALABAD"
2524	66	1	4	31.52057	72.93587	"FAISALABAD"
2288	66	1	2	31.5019	72.94685	"FAISALABAD"
2360	66	1	2	31.50205	72.94853	"FAISALABAD"
6461	66	1	3	31.5023	72.949	"FAISALABAD"
2425	66	1	2	31.50167	72.94897	"FAISALABAD"
2334	66	1	2	31.50165	72.9483	"FAISALABAD"
2665	66	2	5	31.52058	72.93771	"FAISALABAD"
87457	67	1	1	31.35062	73.30693	"FAISALABAD"
96899	67	1	4	31.34632	73.30499	"FAISALABAD"
87500	67	1	1	31.35085	73.30777	"FAISALABAD"
96898	67	1	4	31.34628	73.30482	"FAISALABAD"
96906	67	1	4	31.34713	73.30505	"FAISALABAD"
79146	67	1	3	31.34943	73.30458	"FAISALABAD"
87538	67	1	1	31.3514	73.30634	"FAISALABAD"
87447	67	1	1	31.3501	73.30682	"FAISALABAD"
96926	67	1	4	31.34718	73.30566	"FAISALABAD"
87429	67	1	1	31.35003	73.30637	"FAISALABAD"
87313	67	1	1	31.35025	73.3065	"FAISALABAD"
87371	67	1	1	31.3464	73.30473	"FAISALABAD"
97092	67	2	5	31.3516	73.31554	"FAISALABAD"
97180	67	2	5	31.35122	73.316	"FAISALABAD"
97090	67	2	5	31.35152	73.31568	"FAISALABAD"
87318	67	99		31.34965	73.30615	"FAISALABAD"
91898	68	1	4	31.30112	73.22998	"FAISALABAD"
91976	68	1	2	31.29998	73.22787	"FAISALABAD"
91890	68	1	4	31.29852	73.22987	"FAISALABAD"
91931	68	1	2	31.30038	73.22207	"FAISALABAD"
91862	68	1	4	31.301	73.23013	"FAISALABAD"
91724	68	1	5	31.29975	73.2251	"FAISALABAD"
91816	68	1	3	31.29992	73.22795	"FAISALABAD"
91970	68	1	2	31.2998	73.23092	"FAISALABAD"
91721	68	1	5	31.29755	73.22536	"FAISALABAD"
91980	68	1	2	31.30035	73.22967	"FAISALABAD"
91699	68	1	5	31.29865	73.23032	"FAISALABAD"
91968	68	1	2	31.30035	73.22898	"FAISALABAD"
91787	68	1	5	31.30047	73.22227	"FAISALABAD"
91907	68	1	4	31.30007	73.22995	"FAISALABAD"
91766	68	1	1	31.29868	73.21858	"FAISALABAD"
91978	68	1	2	31.29865	73.23032	"FAISALABAD"
98650	69	1	1	31.30598	73.16535	"FAISALABAD"
98761	69	1	4	31.30545	73.16695	"FAISALABAD"
98717	69	1	4	31.30493	73.16758	"FAISALABAD"
98806	69	1	4	31.30608	73.16882	"FAISALABAD"
98399	69	1	3	31.3037	73.16552	"FAISALABAD"
98443	69	1	3	31.30412	73.16462	"FAISALABAD"
98747	69	1	4	31.30427	73.16583	"FAISALABAD"
98456	69	1	3	31.30488	73.1647	"FAISALABAD"
98364	69	1	3	31.30513	73.16507	"FAISALABAD"
98598	69	1	1	31.31048	73.16565	"FAISALABAD"
98448	69	1	3	31.30437	73.16613	"FAISALABAD"
98690	69	1	4	31.30508	73.16547	"FAISALABAD"
98554	69	1	2	31.30572	73.16303	"FAISALABAD"
98405	69	1	3	31.30357	73.16528	"FAISALABAD"
98375	69	1	3	31.30392	73.16534	"FAISALABAD"
98566	69	1	2	31.30568	73.16402	"FAISALABAD"
86942	70	1	2	31.25898	73.17274	"FAISALABAD"
90364	70	1	1	31.25738	73.17262	"FAISALABAD"
90484	70	1	1	31.2577	73.17522	"FAISALABAD"
90339	70	1	1	31.25742	73.17348	"FAISALABAD"
87111	70	1	2	31.25783	73.17357	"FAISALABAD"
90346	70	1	1	31.25698	73.17326	"FAISALABAD"
90550	70	1	1	31.25762	73.17474	"FAISALABAD"
86902	70	1	2	31.25883	73.17271	"FAISALABAD"
90289	70	1	1	31.25788	73.1718	"FAISALABAD"
87119	70	1	2	31.2583	73.17443	"FAISALABAD"
90479	70	1	1	31.25745	73.17425	"FAISALABAD"
90429	70	1	1	31.25707	73.17171	"FAISALABAD"
90298	70	1	1	31.25773	73.1715	"FAISALABAD"
87191	70	1	3	31.25982	73.16589	"FAISALABAD"
86958	70	1	2	31.25892	73.17384	"FAISALABAD"
90452	70	1	1	31.25552	73.172	"FAISALABAD"
69083	71	1	1	31.28955	72.90871	"FAISALABAD"
69150	71	1	2	31.2886	72.90963	"FAISALABAD"
93103	71	1	4	31.28735	72.9113	"FAISALABAD"
93113	71	1	4	31.28688	72.9112	"FAISALABAD"
68927	71	1	1	31.28908	72.90826	"FAISALABAD"
93166	71	1	4	31.29085	72.9143	"FAISALABAD"
92875	71	1	3	31.28942	72.90925	"FAISALABAD"
68903	71	1	1	31.28898	72.90753	"FAISALABAD"
92842	71	1	3	31.28983	72.91026	"FAISALABAD"
69195	71	1	2	31.28697	72.90907	"FAISALABAD"
68889	71	1	1	31.28915	72.90723	"FAISALABAD"
69009	71	1	2	31.28762	72.90849	"FAISALABAD"
69194	71	1	2	31.28708	72.9092	"FAISALABAD"
93187	71	1	4	31.2862	72.91142	"FAISALABAD"
68898	71	1	1	31.28897	72.9072	"FAISALABAD"
69055	71	1	2	31.28972	72.90926	"FAISALABAD"
79982	72	1	1	31.26652	73.14522	"FAISALABAD"
80043	72	1	1	31.26607	73.14435	"FAISALABAD"
4562	72	1	4	31.26693	73.13998	"FAISALABAD"
80030	72	1	1	31.26623	73.14581	"FAISALABAD"
80229	72	1	2	31.26883	73.14828	"FAISALABAD"
80103	72	1	2	31.26738	73.14678	"FAISALABAD"
80187	72	1	3	31.26777	73.14698	"FAISALABAD"
80194	72	1	2	31.26867	73.14695	"FAISALABAD"
79965	72	1	1	31.26593	73.14343	"FAISALABAD"
80129	72	1	3	31.26563	73.14433	"FAISALABAD"
4523	72	1	5	31.26818	73.14317	"FAISALABAD"
4553	72	1	4	31.26865	73.14885	"FAISALABAD"
79992	72	1	1	31.26588	73.1446	"FAISALABAD"
80065	72	1	1	31.26657	73.14513	"FAISALABAD"
80105	72	1	2	31.26738	73.14684	"FAISALABAD"
4489	72	1	5	31.26802	73.1454	"FAISALABAD"
7035	74	1	1	31.23763	72.86882	"FAISALABAD"
6980	74	1	1	31.23683	72.86687	"FAISALABAD"
7160	74	1	2	31.23783	72.86585	"FAISALABAD"
7067	74	1	2	31.23808	72.86722	"FAISALABAD"
6951	74	1	1	31.2352	72.86598	"FAISALABAD"
6976	74	1	1	31.23723	72.8669	"FAISALABAD"
6620	74	1	2	31.24097	72.86826	"FAISALABAD"
7146	74	1	2	31.23763	72.8662	"FAISALABAD"
7017	74	1	1	31.23797	72.86897	"FAISALABAD"
6986	74	1	1	31.23702	72.86687	"FAISALABAD"
7121	74	1	2	31.23762	72.86892	"FAISALABAD"
6619	74	1	2	31.24118	72.86826	"FAISALABAD"
7186	74	1	2	31.23675	72.86906	"FAISALABAD"
7169	74	1	2	31.23772	72.8655	"FAISALABAD"
7151	74	1	2	31.23738	72.8661	"FAISALABAD"
6918	74	1	1	31.23598	72.86549	"FAISALABAD"
78839	75	1	4	31.2199	73.13475	"FAISALABAD"
78942	75	1	3	31.22083	73.13635	"FAISALABAD"
78967	75	1	1	31.22165	73.13578	"FAISALABAD"
78957	75	1	3	31.22293	73.13499	"FAISALABAD"
78743	75	1	2	31.22173	73.13395	"FAISALABAD"
78975	75	1	1	31.2217	73.13519	"FAISALABAD"
78879	75	1	4	31.22	73.13551	"FAISALABAD"
78748	75	1	2	31.22122	73.1334	"FAISALABAD"
78823	75	1	2	31.22085	73.1355	"FAISALABAD"
78827	75	1	4	31.22068	73.13477	"FAISALABAD"
79027	75	1	1	31.22368	73.14097	"FAISALABAD"
78858	75	1	4	31.21952	73.1351	"FAISALABAD"
78908	75	1	3	31.21992	73.13555	"FAISALABAD"
78991	75	1	1	31.22158	73.13583	"FAISALABAD"
78683	75	1	2	31.22065	73.13308	"FAISALABAD"
79004	75	1	1	31.22183	73.13945	"FAISALABAD"
4036	77	1	7	31.50882	73.38555	"FAISALABAD"
94622	77	1	4	31.51	73.38685	"FAISALABAD"
90872	77	1	5	31.50987	73.38461	"FAISALABAD"
91044	77	1	6	31.50962	73.38288	"FAISALABAD"
94715	77	1	4	31.5096	73.38862	"FAISALABAD"
94583	77	1	2	31.50987	73.38461	"FAISALABAD"
94600	77	1	2	31.51035	73.38782	"FAISALABAD"
94530	77	1	2	31.5094	73.38889	"FAISALABAD"
94348	77	1	2	31.51112	73.3871	"FAISALABAD"
94610	77	1	2	31.51092	73.38789	"FAISALABAD"
94716	77	1	4	31.50962	73.38805	"FAISALABAD"
91103	77	1	6	31.50927	73.38673	"FAISALABAD"
91100	77	1	6	31.50925	73.38094	"FAISALABAD"
91005	77	1	6	31.50935	73.38325	"FAISALABAD"
90921	77	1	5	31.51025	73.38387	"FAISALABAD"
94409	77	1	4	31.51013	73.3861	"FAISALABAD"
1159	78	1	5	31.38618	73.33698	"FAISALABAD"
1110	78	1	4	31.38807	73.33567	"FAISALABAD"
866	78	1	3	31.3875	73.33342	"FAISALABAD"
1158	78	1	5	31.38618	73.33698	"FAISALABAD"
82467	78	1	2	31.38907	73.33582	"FAISALABAD"
922	78	1	5	31.33555	73.33598	"FAISALABAD"
82217	78	1	1	31.38875	73.33298	"FAISALABAD"
82351	78	1	2	31.38712	73.33382	"FAISALABAD"
969	78	1	5	31.38732	73.33362	"FAISALABAD"
82177	78	1	1	31.38872	73.33218	"FAISALABAD"
903	78	1	3	31.38713	73.33383	"FAISALABAD"
82334	78	1	2	31.3904	73.33353	"FAISALABAD"
82315	78	1	2	31.38972	73.33318	"FAISALABAD"
82187	78	1	1	31.38895	73.33258	"FAISALABAD"
82251	78	1	1	31.38877	73.33328	"FAISALABAD"
1207	78	2	6	31.38012	73.32204	"FAISALABAD"
8112	79	1	2	31.58677	73.14671	"FAISALABAD"
8318	79	1	1	31.58625	73.14495	"FAISALABAD"
8049	79	1	1	31.58623	73.14642	"FAISALABAD"
8002	79	1	1	31.58493	73.1485	"FAISALABAD"
8312	79	1	1	31.58455	73.1488	"FAISALABAD"
8353	79	1	1	31.5816	73.13652	"FAISALABAD"
8352	79	1	1	31.58132	73.13622	"FAISALABAD"
7977	79	1	1	31.5851	73.14613	"FAISALABAD"
8288	79	1	2	31.58742	73.14805	"FAISALABAD"
7964	79	1	1	31.58448	73.14637	"FAISALABAD"
7960	79	1	1	31.5847	73.14667	"FAISALABAD"
8082	79	1	2	31.58665	73.14608	"FAISALABAD"
8263	79	1	2	31.58705	73.14764	"FAISALABAD"
8050	79	1	1	31.58623	73.14598	"FAISALABAD"
8126	79	1	2	31.58565	73.14697	"FAISALABAD"
8068	79	1	1	31.58648	73.14568	"FAISALABAD"
68463	80	1	2	31.54377	73.13004	"FAISALABAD"
68735	80	1	6	31.54308	73.12682	"FAISALABAD"
68652	80	1	6	31.54538	73.12822	"FAISALABAD"
68706	80	1	6	31.54397	73.12804	"FAISALABAD"
77074	80	1	7	31.54377	73.13392	"FAISALABAD"
68461	80	1	2	31.5434	73.12968	"FAISALABAD"
68728	80	1	6	31.54333	73.12711	"FAISALABAD"
68495	80	1	2	31.54347	73.12932	"FAISALABAD"
67073	80	1	5	31.5451	73.13233	"FAISALABAD"
68447	80	1	2	31.5429	73.1302	"FAISALABAD"
76865	80	1	4	31.54157	73.13015	"FAISALABAD"
67080	80	1	5	31.54588	73.13223	"FAISALABAD"
68618	80	1	5	31.54507	73.12907	"FAISALABAD"
68524	80	1	1	31.54378	73.1302	"FAISALABAD"
68717	80	1	6	31.54412	73.12777	"FAISALABAD"
68741	80	1	6	31.54373	73.12742	"FAISALABAD"
7276	81	1	1	31.2027	73.1176	"FAISALABAD"
7503	81	1	3	31.20233	73.12093	"FAISALABAD"
7554	81	1	3	31.20318	73.11968	"FAISALABAD"
7442	81	1	2	31.2016	73.12157	"FAISALABAD"
7635	81	1	3	31.2086	73.12	"FAISALABAD"
7620	81	1	3	31.2036	73.11842	"FAISALABAD"
7351	81	1	1	31.20195	73.11865	"FAISALABAD"
7438	81	1	2	31.20183	73.12185	"FAISALABAD"
7329	81	1	1	31.20253	73.11933	"FAISALABAD"
7462	81	1	2	31.20165	73.1214	"FAISALABAD"
7445	81	1	2	31.2012	73.12165	"FAISALABAD"
7455	81	1	2	31.20085	73.12151	"FAISALABAD"
7534	81	1	3	31.2028	73.12086	"FAISALABAD"
7611	81	1	3	31.20363	73.12003	"FAISALABAD"
7519	81	1	3	31.20242	73.12048	"FAISALABAD"
7500	81	1	3	31.20232	73.1211	"FAISALABAD"
73515	83	1	2	31.1611	73.11198	"FAISALABAD"
73438	83	1	2	31.15975	73.11208	"FAISALABAD"
73394	83	1	2	31.15915	73.1138	"FAISALABAD"
73460	83	1	2	31.16118	73.11259	"FAISALABAD"
73516	83	1	2	31.16143	73.11298	"FAISALABAD"
73401	83	1	2	31.15908	73.11328	"FAISALABAD"
73404	83	1	2	31.1598	73.11356	"FAISALABAD"
73326	83	1	2	31.15748	73.1113	"FAISALABAD"
73307	83	1	2	31.15935	73.11128	"FAISALABAD"
5941	83	2	1	31.15225	73.0937	"FAISALABAD"
5917	83	2	1	31.15327	73.09215	"FAISALABAD"
6001	83	2	1	31.15172	73.09537	"FAISALABAD"
6156	83	2	1	31.15308	73.09724	"FAISALABAD"
5909	83	2	1	31.15308	73.09258	"FAISALABAD"
6174	83	2	1	31.15487	73.09589	"FAISALABAD"
6153	83	2	1	31.15278	73.09745	"FAISALABAD"
86679	84	1	3	31.1565	73.07024	"FAISALABAD"
86594	84	1	1	31.15682	73.06944	"FAISALABAD"
86510	84	1	4	31.15773	73.07227	"FAISALABAD"
86606	84	1	1	31.15733	73.06982	"FAISALABAD"
86226	84	1	2	31.15782	73.071	"FAISALABAD"
86526	84	1	4	31.15602	73.07227	"FAISALABAD"
86764	84	1	3	31.15637	73.06853	"FAISALABAD"
86313	84	1	2	31.15787	73.0714	"FAISALABAD"
86218	84	1	2	31.15742	73.07043	"FAISALABAD"
86306	84	1	2	31.15807	73.0718	"FAISALABAD"
86587	84	1	1	31.15688	73.06931	"FAISALABAD"
86624	84	1	1	31.15657	73.06995	"FAISALABAD"
86246	84	1	2	31.15743	73.07079	"FAISALABAD"
86597	84	1	1	31.15643	73.06934	"FAISALABAD"
86588	84	1	1	31.15728	73.06913	"FAISALABAD"
88431	85	1	5	31.14402	73.16595	"FAISALABAD"
88285	85	1	5	31.14268	73.16576	"FAISALABAD"
88448	85	1	5	31.14508	73.16378	"FAISALABAD"
88420	85	1	5	31.14503	73.16257	"FAISALABAD"
88384	85	1	3	31.14353	73.1514	"FAISALABAD"
88148	85	1	2	31.14078	73.1634	"FAISALABAD"
88298	85	1	4	31.14213	73.16568	"FAISALABAD"
88113	85	1	2	31.14113	73.16438	"FAISALABAD"
88201	85	1	4	31.14162	73.1637	"FAISALABAD"
88284	85	1	5	31.14273	73.16572	"FAISALABAD"
88373	85	1	3	31.14365	73.16386	"FAISALABAD"
88118	85	1	2	31.14077	73.16286	"FAISALABAD"
87958	85	1	1	31.14335	73.16315	"FAISALABAD"
88405	85	1	3	31.14407	73.16364	"FAISALABAD"
88350	85	1	3	31.14092	73.16395	"FAISALABAD"
88227	85	1	5	31.1418	73.16576	"FAISALABAD"
74032	86	1	7	30.9017	72.71163	"FAISALABAD"
74169	86	1	8	30.90143	72.7132	"FAISALABAD"
69947	86	1	4	30.89085	72.7053	"FAISALABAD"
78325	86	1	1	30.89422	72.70647	"FAISALABAD"
74037	86	1	7	30.90183	72.71222	"FAISALABAD"
74176	86	1	8	30.90102	72.71357	"FAISALABAD"
69941	86	1	4	30.89087	72.70573	"FAISALABAD"
74102	86	1	7	30.90042	72.71277	"FAISALABAD"
70285	86	2	13	30.88507	72.68792	"FAISALABAD"
74280	86	2	9	30.87787	72.68468	"FAISALABAD"
74308	86	2	9	30.8766	72.6849	"FAISALABAD"
78540	86	2	12	30.8744	72.68607	"FAISALABAD"
78517	86	2	12	30.87448	72.6849	"FAISALABAD"
74274	86	2	9	30.87772	72.68488	"FAISALABAD"
74339	86	2	10	30.87572	72.68568	"FAISALABAD"
70288	86	2	13	30.8849	72.68771	"FAISALABAD"
9646	87	1	3	30.98125	72.83125	"FAISALABAD"
9392	87	1	2	30.98227	72.82795	"FAISALABAD"
9592	87	1	3	30.97863	72.8274	"FAISALABAD"
9470	87	1	2	30.9808	72.82785	"FAISALABAD"
9317	87	1	1	30.98117	72.82782	"FAISALABAD"
9318	87	1	1	30.9811	72.79415	"FAISALABAD"
9575	87	1	3	30.97985	72.82816	"FAISALABAD"
9417	87	1	2	30.9788	72.827	"FAISALABAD"
9617	87	1	3	30.98047	72.82985	"FAISALABAD"
9451	87	1	2	30.97978	72.82757	"FAISALABAD"
9294	87	1	1	30.98018	72.82854	"FAISALABAD"
9703	87	1	4	30.98015	72.8313	"FAISALABAD"
9468	87	1	2	30.98088	72.8273	"FAISALABAD"
9279	87	1	1	30.98037	72.82603	"FAISALABAD"
9356	87	1	2	30.98085	72.82567	"FAISALABAD"
95130	88	1	5	31.0469	72.88797	"FAISALABAD"
95114	88	1	5	31.04742	72.88995	"FAISALABAD"
95128	88	1	5	31.04492	72.88735	"FAISALABAD"
95159	88	1	5	31.04648	72.88913	"FAISALABAD"
94995	88	2	1	31.04742	72.88618	"FAISALABAD"
94879	88	2	3	31.0443	72.88647	"FAISALABAD"
94972	88	2	1	31.04642	72.8858	"FAISALABAD"
94848	88	2	3	31.04508	72.88586	"FAISALABAD"
95063	88	2	4	31.04648	72.88715	"FAISALABAD"
95005	88	2	7	31.04775	72.8865	"FAISALABAD"
95059	88	2	4	31.04622	72.88721	"FAISALABAD"
94989	88	2	1	31.04662	72.88673	"FAISALABAD"
94808	88	2	2	31.04825	72.8864	"FAISALABAD"
94922	88	2	6	31.04727	72.88295	"FAISALABAD"
94962	88	2	1	31.0466	72.88675	"FAISALABAD"
95194	88	99	8	31.04902	72.8977	"FAISALABAD"
74837	89	1	4	31.04733	72.84905	"FAISALABAD"
74666	89	1	2	31.04592	72.84993	"FAISALABAD"
74672	89	1	3	31.04905	72.85087	"FAISALABAD"
74476	89	1	1	31.0481	72.84821	"FAISALABAD"
74478	89	1	1	31.04818	72.84838	"FAISALABAD"
74772	89	1	3	31.04905	72.8523	"FAISALABAD"
74460	89	1	1	31.04872	72.84914	"FAISALABAD"
74856	89	1	4	31.05147	72.85503	"FAISALABAD"
74852	89	1	4	31.04965	72.85284	"FAISALABAD"
74618	89	1	2	31.04718	72.85004	"FAISALABAD"
74756	89	1	3	31.04855	72.85223	"FAISALABAD"
74784	89	1	3	31.04817	72.85135	"FAISALABAD"
74579	89	1	2	31.04807	72.84972	"FAISALABAD"
74770	89	1	3	31.04835	72.85268	"FAISALABAD"
74855	89	1	4	31.05122	72.85452	"FAISALABAD"
74800	89	1	3	31.04743	72.85165	"FAISALABAD"
70867	90	1	3	31.09067	72.826	"FAISALABAD"
70909	90	1	5	31.09008	72.82224	"FAISALABAD"
71239	90	1	1	31.09397	72.82861	"FAISALABAD"
70970	90	1	2	31.09073	72.82405	"FAISALABAD"
71013	90	1	2	31.09102	72.82533	"FAISALABAD"
71035	90	1	1	31.09213	72.82553	"FAISALABAD"
70993	90	1	2	31.09167	72.8242	"FAISALABAD"
70932	90	1	2	31.09003	72.82336	"FAISALABAD"
71155	90	1	4	31.09162	72.82893	"FAISALABAD"
70939	90	1	2	31.08988	72.82388	"FAISALABAD"
70902	90	1	5	31.08988	72.82243	"FAISALABAD"
71067	90	1	1	31.09277	72.82682	"FAISALABAD"
70897	90	1	5	31.08963	72.82267	"FAISALABAD"
71089	90	1	4	31.09068	72.8268	"FAISALABAD"
71208	90	1	1	31.09358	72.82792	"FAISALABAD"
71002	90	1	2	31.0913	72.82445	"FAISALABAD"
67770	91	1	2	31.4087	73.50647	"FAISALABAD"
67643	91	1	1	31.4103	73.50667	"FAISALABAD"
67638	91	1	1	31.40983	73.50698	"FAISALABAD"
67762	91	1	2	31.40807	73.50639	"FAISALABAD"
67605	91	1	1	31.40837	73.50753	"FAISALABAD"
67830	91	1	2	31.40717	73.50678	"FAISALABAD"
67878	91	1	3	31.4073	73.50645	"FAISALABAD"
67583	91	1	1	31.408	73.50855	"FAISALABAD"
67883	91	1	3	31.40795	73.506	"FAISALABAD"
67552	91	1	1	31.41122	73.50647	"FAISALABAD"
67588	91	1	1	31.40848	73.508	"FAISALABAD"
67688	91	1	2	31.41102	73.50523	"FAISALABAD"
67778	91	1	2	31.40828	73.50703	"FAISALABAD"
67781	91	1	2	31.40852	73.50739	"FAISALABAD"
67886	91	1	1	31.40975	73.50671	"FAISALABAD"
67823	91	1	2	31.40748	73.5066	"FAISALABAD"
82865	92	2	6	31.3152	73.4326	"FAISALABAD"
73691	92	2	1	31.31487	73.43343	"FAISALABAD"
73758	92	2	2	31.31515	73.43505	"FAISALABAD"
82877	92	2	6	31.3149	73.43269	"FAISALABAD"
82681	92	2	5	31.31432	73.43183	"FAISALABAD"
81263	92	2	8	31.31278	73.4325	"FAISALABAD"
73757	92	2	2	31.31585	73.43532	"FAISALABAD"
73822	92	2	3	31.31448	73.43435	"FAISALABAD"
81270	92	2	8	31.31245	73.43315	"FAISALABAD"
81305	92	2	8	31.31297	73.43208	"FAISALABAD"
84518	92	3	17	31.32842	73.45393	"FAISALABAD"
10210	92	3	19	31.32042	73.42675	"FAISALABAD"
4871	92	4	14	31.3221	73.42905	"FAISALABAD"
5114	92	4	15	31.32237	73.43192	"FAISALABAD"
4780	92	4	14	31.32307	73.42828	"FAISALABAD"
82918	92	6	13	31.31523	73.43362	"FAISALABAD"
75424	93	1	8	31.22377	72.89243	"FAISALABAD"
75494	93	1	8	31.2254	72.89352	"FAISALABAD"
75421	93	1	8	31.22465	72.89245	"FAISALABAD"
75383	93	1	8	31.22552	72.89408	"FAISALABAD"
75978	93	1	5	31.22468	72.8903	"FAISALABAD"
75259	93	1	6	31.22527	72.89228	"FAISALABAD"
75359	93	1	8	31.23982	72.90683	"FAISALABAD"
75356	93	1	8	31.22653	72.89373	"FAISALABAD"
75398	93	1	8	31.22543	72.89352	"FAISALABAD"
66301	93	2	2	31.23928	72.90826	"FAISALABAD"
66212	93	2	1	31.23862	72.90755	"FAISALABAD"
66354	93	2	2	31.23897	72.90877	"FAISALABAD"
66268	93	2	1	31.23905	72.90808	"FAISALABAD"
66439	93	2	2	31.23985	72.90953	"FAISALABAD"
66345	93	2	2	31.23918	72.90923	"FAISALABAD"
66486	93	2	3	31.23862	72.90765	"FAISALABAD"
85204	94	1	3	31.4267	72.8349	"FAISALABAD"
669	94	1	4	31.42783	72.83438	"FAISALABAD"
552	94	1	4	31.42745	72.83452	"FAISALABAD"
85170	94	1	3	31.42753	72.83469	"FAISALABAD"
85087	94	1	1	31.4286	72.83197	"FAISALABAD"
489	94	1	2	31.4277	72.83297	"FAISALABAD"
85218	94	1	3	31.428	72.84846	"FAISALABAD"
670	94	1	4	31.428	72.8363	"FAISALABAD"
705	94	1	4	31.42927	72.83475	"FAISALABAD"
85180	94	1	3	31.42842	72.83555	"FAISALABAD"
511	94	1	2	31.42747	72.83348	"FAISALABAD"
449	94	1	2	31.42785	72.83186	"FAISALABAD"
85126	94	1	1	31.42893	72.83383	"FAISALABAD"
506	94	1	2	31.4275	72.83247	"FAISALABAD"
641	94	1	4	31.42807	72.8352	"FAISALABAD"
85165	94	1	3	31.42808	72.83553	"FAISALABAD"
89457	95	1	4	31.39425	72.81239	"FAISALABAD"
89075	95	1	1	31.39462	72.82757	"FAISALABAD"
89225	95	1	2	31.39405	72.81402	"FAISALABAD"
89102	95	1	1	31.39368	72.81413	"FAISALABAD"
89152	95	1	1	31.3963	72.81532	"FAISALABAD"
89259	95	1	2	31.39557	72.81433	"FAISALABAD"
89159	95	1	2	31.3953	72.81522	"FAISALABAD"
89470	95	1	4	31.39483	72.8131	"FAISALABAD"
89415	95	1	4	31.39467	72.81757	"FAISALABAD"
89281	95	1	2	31.3955	72.8135	"FAISALABAD"
89125	95	1	1	31.39328	72.80403	"FAISALABAD"
89060	95	1	1	31.39315	72.81903	"FAISALABAD"
89093	95	1	1	31.3951	72.81568	"FAISALABAD"
89212	95	1	2	31.3945	72.81398	"FAISALABAD"
89081	95	1	1	31.39455	72.81638	"FAISALABAD"
89504	95	99	5	31.3939	72.81268	"FAISALABAD"
89682	96	1	4	31.34367	72.80465	"FAISALABAD"
89800	96	1	4	31.3425	72.80372	"FAISALABAD"
80840	96	1	5	31.34028	72.80317	"FAISALABAD"
66688	96	1	1	31.34205	72.80072	"FAISALABAD"
66694	96	1	1	31.34268	72.80088	"FAISALABAD"
66654	96	1	1	31.359	72.80138	"FAISALABAD"
89974	96	1	3	31.34367	72.80292	"FAISALABAD"
80764	96	1	5	31.34145	72.80563	"FAISALABAD"
80822	96	1	5	31.33873	72.80611	"FAISALABAD"
80849	96	1	5	31.34023	72.79514	"FAISALABAD"
66919	96	1	3	31.34243	72.80418	"FAISALABAD"
66780	96	1	1	31.34203	72.80313	"FAISALABAD"
66759	96	1	1	31.3419	72.80186	"FAISALABAD"
89945	96	1	4	31.34175	72.80412	"FAISALABAD"
89813	96	2	6	31.3485	72.81207	"FAISALABAD"
89894	96	2	6	31.35063	72.81178	"FAISALABAD"
4341	97	1	3	31.15218	72.99225	"FAISALABAD"
96350	97	1	6	31.13535	72.99285	"FAISALABAD"
96313	97	1	5	31.13588	72.99225	"FAISALABAD"
4312	97	1	3	31.13607	72.99294	"FAISALABAD"
96270	97	1	5	31.13662	72.99432	"FAISALABAD"
96446	97	1	6	31.13428	72.9913	"FAISALABAD"
96374	97	1	6	31.13478	72.99352	"FAISALABAD"
96281	97	1	5	31.13622	72.99422	"FAISALABAD"
83557	97	2	2	31.12737	72.97356	"FAISALABAD"
83700	97	2	2	31.1284	72.97573	"FAISALABAD"
83687	97	2	2	31.12888	72.9749	"FAISALABAD"
83667	97	2	2	31.12815	72.97485	"FAISALABAD"
83593	97	2	2	31.12672	72.97401	"FAISALABAD"
83652	97	2	2	31.12793	72.976	"FAISALABAD"
83640	97	2	2	31.1274	72.97523	"FAISALABAD"
83602	97	2	2	31.12787	72.97405	"FAISALABAD"
76671	98	1	8	31.06837	73.0159	"FAISALABAD"
76081	98	1	9	31.06943	73.00098	"FAISALABAD"
76100	98	1	9	31.06938	73.00517	"FAISALABAD"
76503	98	2	5	31.07843	73.01372	"FAISALABAD"
76365	98	2	6	31.07632	73.0132	"FAISALABAD"
76321	98	2	6	31.07628	73.01245	"FAISALABAD"
90703	98	2	3	31.07578	73.01266	"FAISALABAD"
76301	98	2	6	31.0757	73.01223	"FAISALABAD"
81950	98	2	1	31.07908	73.01212	"FAISALABAD"
76250	98	2	6	31.07712	73.01093	"FAISALABAD"
76329	98	2	6	31.07605	73.01257	"FAISALABAD"
81992	98	2	1	31.07812	73.01238	"FAISALABAD"
76332	98	2	6	31.07603	73.01265	"FAISALABAD"
76444	98	2	5	31.07675	73.01405	"FAISALABAD"
76375	98	2	6	31.0762	73.01331	"FAISALABAD"
90724	98	2	3	31.07785	73.01383	"FAISALABAD"
91306	99	1	1	30.81345	72.85793	"FAISALABAD"
91259	99	1	1	30.81495	72.8573	"FAISALABAD"
91353	99	1	1	30.8141	72.8593	"FAISALABAD"
91250	99	1	1	30.8161	72.85938	"FAISALABAD"
91303	99	1	1	30.81333	72.85831	"FAISALABAD"
91317	99	1	1	30.81295	72.85817	"FAISALABAD"
91245	99	1	1	30.81532	72.85872	"FAISALABAD"
91351	99	1	1	30.81403	72.85928	"FAISALABAD"
91586	99	2	2	30.79518	72.86903	"FAISALABAD"
91551	99	2	2	30.79623	72.86813	"FAISALABAD"
91607	99	2	2	30.79507	72.86961	"FAISALABAD"
91630	99	2	2	30.78998	72.87025	"FAISALABAD"
91568	99	2	2	30.79605	72.86888	"FAISALABAD"
91588	99	2	2	30.79583	72.86925	"FAISALABAD"
91527	99	2	3	30.78962	72.86543	"FAISALABAD"
91369	99	99	0	30.791	72.87521	"FAISALABAD"
100465	101	1	29	28.6943	70.25567	"RAHIM YAR KHAN"
66054	101	1	20	28.68735	70.26365	"RAHIM YAR KHAN"
100508	101	1	34	28.69392	70.2568	"RAHIM YAR KHAN"
66044	101	1	7	28.67413	70.26167	"RAHIM YAR KHAN"
100585	101	1	4	28.68438	70.24429	"RAHIM YAR KHAN"
100581	101	1	4	28.68423	70.24419	"RAHIM YAR KHAN"
65903	101	1	7	28.67407	70.25925	"RAHIM YAR KHAN"
100441	101	1	13	28.69883	70.252	"RAHIM YAR KHAN"
100414	101	1	34	28.69873	70.25528	"RAHIM YAR KHAN"
100404	101	1	4	28.69523	70.25555	"RAHIM YAR KHAN"
65972	101	1	20	28.68142	70.26062	"RAHIM YAR KHAN"
65910	101	1	20	28.67858	70.25803	"RAHIM YAR KHAN"
66020	101	99	10	28.68955	70.25325	"RAHIM YAR KHAN"
65959	101	99	25	28.69132	70.25667	"RAHIM YAR KHAN"
65987	101	99	25	28.67372	70.2488	"RAHIM YAR KHAN"
66121	101	99	10	28.68957	70.25328	"RAHIM YAR KHAN"
17705	103	1	9	28.47455	70.3076	"RAHIM YAR KHAN"
99030	103	1	7	28.45833	70.30215	"RAHIM YAR KHAN"
99074	103	1	7	28.45665	70.30183	"RAHIM YAR KHAN"
17420	103	1	13	28.46443	70.29982	"RAHIM YAR KHAN"
98966	103	1	7	28.45773	70.30438	"RAHIM YAR KHAN"
17719	103	1	9	28.4739	70.30738	"RAHIM YAR KHAN"
17685	103	1	9	28.47538	70.30872	"RAHIM YAR KHAN"
17686	103	1	9	28.47548	70.30882	"RAHIM YAR KHAN"
17708	103	1	9	28.47488	70.30746	"RAHIM YAR KHAN"
17240	103	1	12	28.46332	70.30151	"RAHIM YAR KHAN"
17436	103	1	13	28.46347	70.30106	"RAHIM YAR KHAN"
17746	103	1	9	28.47515	70.30685	"RAHIM YAR KHAN"
99128	103	1	7	28.45853	70.30209	"RAHIM YAR KHAN"
99023	103	1	7	28.4573	70.30141	"RAHIM YAR KHAN"
17627	103	1	9	28.47597	70.307	"RAHIM YAR KHAN"
99248	103	99	6	28.46103	70.31175	"RAHIM YAR KHAN"
40681	107	1	2	28.93153	70.9814	"RAHIM YAR KHAN"
40804	107	1	2	28.93595	70.98006	"RAHIM YAR KHAN"
40734	107	1	2	28.93283	70.98425	"RAHIM YAR KHAN"
40709	107	1	2	28.93132	70.98095	"RAHIM YAR KHAN"
40605	107	2	1	28.93128	70.98137	"RAHIM YAR KHAN"
40567	107	2	1	28.92672	70.98293	"RAHIM YAR KHAN"
40624	107	2	1	28.9259	70.98555	"RAHIM YAR KHAN"
40591	107	2	1	28.93342	70.98493	"RAHIM YAR KHAN"
40616	107	2	1	28.92655	70.98479	"RAHIM YAR KHAN"
41040	107	3	5	28.93907	70.98518	"RAHIM YAR KHAN"
41083	107	3	5	28.94023	70.98682	"RAHIM YAR KHAN"
41066	107	3	5	28.94125	70.98635	"RAHIM YAR KHAN"
40887	107	4	4	28.93302	70.98168	"RAHIM YAR KHAN"
40821	107	4	4	28.93282	70.9863	"RAHIM YAR KHAN"
40837	107	4	4	28.93413	70.98415	"RAHIM YAR KHAN"
41005	107	99	3	28.93205	70.97432	"RAHIM YAR KHAN"
32656	109	1	1	28.50062	70.60754	"RAHIM YAR KHAN"
32680	109	1	1	28.50568	70.61795	"RAHIM YAR KHAN"
32688	109	1	1	28.50572	70.6181	"RAHIM YAR KHAN"
32672	109	1	1	28.50105	70.60758	"RAHIM YAR KHAN"
32681	109	1	1	28.5016	70.61037	"RAHIM YAR KHAN"
32673	109	1	1	28.50122	70.60768	"RAHIM YAR KHAN"
32666	109	1	1	28.50172	70.60616	"RAHIM YAR KHAN"
32655	109	1	1	28.50562	70.6177	"RAHIM YAR KHAN"
32683	109	1	1	28.50157	70.61024	"RAHIM YAR KHAN"
32676	109	1	1	28.50065	70.61072	"RAHIM YAR KHAN"
32653	109	1	1	28.50082	70.60715	"RAHIM YAR KHAN"
32675	109	1	1	28.50135	70.6077	"RAHIM YAR KHAN"
32702	109	99	2	28.51	70.60944	"RAHIM YAR KHAN"
32699	109	99	2	28.49338	70.6076	"RAHIM YAR KHAN"
32697	109	99	2	28.49275	70.60728	"RAHIM YAR KHAN"
32693	109	99	2	28.49227	70.60737	"RAHIM YAR KHAN"
65481	111	1	1	28.4231	70.49921	"RAHIM YAR KHAN"
65502	111	1	1	28.42408	70.4997	"RAHIM YAR KHAN"
65424	111	2	7	28.41963	70.49374	"RAHIM YAR KHAN"
65461	111	2	7	28.42058	70.49512	"RAHIM YAR KHAN"
65434	111	2	7	28.42262	70.49817	"RAHIM YAR KHAN"
65545	111	2	7	28.42067	70.49398	"RAHIM YAR KHAN"
65550	111	2	7	28.42063	70.49512	"RAHIM YAR KHAN"
65413	111	2	7	28.4193	70.49453	"RAHIM YAR KHAN"
65559	111	3	2	28.4215	70.49582	"RAHIM YAR KHAN"
64807	111	4	3	28.4194	70.49699	"RAHIM YAR KHAN"
65328	111	4	3	28.41858	70.49682	"RAHIM YAR KHAN"
65373	111	5	4	28.4187	70.49374	"RAHIM YAR KHAN"
65366	111	5	4	28.41785	70.49533	"RAHIM YAR KHAN"
65610	111	99	8	28.41795	70.47926	"RAHIM YAR KHAN"
65533	111	99	9	28.42637	70.49107	"RAHIM YAR KHAN"
65534	111	99	9	28.42547	70.49107	"RAHIM YAR KHAN"
24915	112	1	5	28.32135	70.44958	"RAHIM YAR KHAN"
24902	112	1	5	28.32273	70.46246	"RAHIM YAR KHAN"
24888	112	1	5	28.3226	70.46222	"RAHIM YAR KHAN"
24469	112	2	1	28.34817	70.45255	"RAHIM YAR KHAN"
24586	112	2	1	28.34775	70.45242	"RAHIM YAR KHAN"
24564	112	2	1	28.34792	70.45942	"RAHIM YAR KHAN"
24503	112	2	1	28.3453	70.45085	"RAHIM YAR KHAN"
24461	112	2	1	28.34917	70.44957	"RAHIM YAR KHAN"
24865	112	3	4	28.32578	70.4561	"RAHIM YAR KHAN"
24856	112	3	4	28.3259	70.45512	"RAHIM YAR KHAN"
24803	112	3	4	28.32647	70.45399	"RAHIM YAR KHAN"
24795	112	3	4	28.32272	70.4619	"RAHIM YAR KHAN"
24728	112	4	2	28.33123	70.43555	"RAHIM YAR KHAN"
24630	112	4	2	28.33402	70.43277	"RAHIM YAR KHAN"
24724	112	4	2	28.3233	70.4351	"RAHIM YAR KHAN"
24932	112	5	6	28.31137	70.44302	"RAHIM YAR KHAN"
37398	113	1	4	28.75858	70.82377	"RAHIM YAR KHAN"
37355	113	2	3	28.75853	70.82657	"RAHIM YAR KHAN"
37374	113	2	3	28.75863	70.82625	"RAHIM YAR KHAN"
37252	113	3	2	28.76207	70.82729	"RAHIM YAR KHAN"
37270	113	3	2	28.76205	70.82719	"RAHIM YAR KHAN"
37277	113	3	2	28.76213	70.82841	"RAHIM YAR KHAN"
37218	113	4	1	28.76635	70.82463	"RAHIM YAR KHAN"
37314	113	4	1	28.76083	70.82753	"RAHIM YAR KHAN"
37328	113	4	1	28.75468	70.82467	"RAHIM YAR KHAN"
37312	113	4	1	28.76073	70.82793	"RAHIM YAR KHAN"
37228	113	4	1	28.766	70.8257	"RAHIM YAR KHAN"
37304	113	4	1	28.7597	70.8307	"RAHIM YAR KHAN"
37331	113	99	0	28.75478	70.82497	"RAHIM YAR KHAN"
37302	113	99	0	28.7594	70.82999	"RAHIM YAR KHAN"
37212	113	99	0	28.7701	70.83145	"RAHIM YAR KHAN"
37215	113	99	0	28.76013	70.82458	"RAHIM YAR KHAN"
102037	115	1	4	28.31033	70.34885	"RAHIM YAR KHAN"
101980	115	1	2	28.3163	70.35786	"RAHIM YAR KHAN"
102105	115	2	5	28.31853	70.36182	"RAHIM YAR KHAN"
101935	115	2	5	28.30868	70.34393	"RAHIM YAR KHAN"
101907	115	2	5	28.3088	70.35447	"RAHIM YAR KHAN"
101943	115	2	5	28.30558	70.35312	"RAHIM YAR KHAN"
101922	115	2	5	28.30507	70.3367	"RAHIM YAR KHAN"
101936	115	2	5	28.3086	70.34464	"RAHIM YAR KHAN"
101925	115	2	5	28.30503	70.35323	"RAHIM YAR KHAN"
101990	115	99	8	28.31642	70.35976	"RAHIM YAR KHAN"
102000	115	99	6	28.31697	70.36311	"RAHIM YAR KHAN"
102008	115	99	1	28.31772	70.3698	"RAHIM YAR KHAN"
102123	115	99	7	28.31653	70.36079	"RAHIM YAR KHAN"
102111	115	99	8	28.31725	70.36262	"RAHIM YAR KHAN"
102069	115	99	8	28.3176	70.36172	"RAHIM YAR KHAN"
101993	115	99	8	28.31668	70.363	"RAHIM YAR KHAN"
63695	116	1	3	28.19753	70.22432	"RAHIM YAR KHAN"
64006	116	1	4	28.1972	70.22202	"RAHIM YAR KHAN"
63841	116	1	1	28.19642	70.22369	"RAHIM YAR KHAN"
63930	116	1	1	28.19578	70.2212	"RAHIM YAR KHAN"
63890	116	1	1	28.1963	70.22315	"RAHIM YAR KHAN"
64007	116	1	4	28.19718	70.22366	"RAHIM YAR KHAN"
63792	116	1	1	28.19562	70.22162	"RAHIM YAR KHAN"
64005	116	1	4	28.19848	70.22237	"RAHIM YAR KHAN"
63820	116	1	3	28.19662	70.22352	"RAHIM YAR KHAN"
63926	116	1	1	28.1962	70.22118	"RAHIM YAR KHAN"
63936	116	99	5	28.2027	70.21605	"RAHIM YAR KHAN"
63944	116	99	5	28.20022	70.2139	"RAHIM YAR KHAN"
63908	116	99	5	28.20177	70.2167	"RAHIM YAR KHAN"
63959	116	99	6	28.19245	70.2102	"RAHIM YAR KHAN"
63984	116	99	6	28.19202	70.2108	"RAHIM YAR KHAN"
63963	116	99	6	28.1924	70.21018	"RAHIM YAR KHAN"
65243	117	1	1	28.2474	70.16325	"RAHIM YAR KHAN"
65164	117	1	6	28.2463	70.16178	"RAHIM YAR KHAN"
65185	117	1	6	28.2451	70.16275	"RAHIM YAR KHAN"
65244	117	1	1	28.2474	70.16327	"RAHIM YAR KHAN"
65233	117	1	1	28.24772	70.16405	"RAHIM YAR KHAN"
65284	117	1	6	28.24582	70.16175	"RAHIM YAR KHAN"
64782	117	1	1	28.24703	70.16212	"RAHIM YAR KHAN"
65260	117	1	6	28.24515	70.16313	"RAHIM YAR KHAN"
65242	117	1	1	28.24738	70.16302	"RAHIM YAR KHAN"
65199	117	1	6	28.24578	70.16305	"RAHIM YAR KHAN"
65191	117	1	6	28.24645	70.16296	"RAHIM YAR KHAN"
65145	117	99	3	28.24903	70.15712	"RAHIM YAR KHAN"
65202	117	99	2	28.23648	70.15343	"RAHIM YAR KHAN"
65317	117	99	2	28.24185	70.14515	"RAHIM YAR KHAN"
65136	117	99	2	28.24828	70.15057	"RAHIM YAR KHAN"
65137	117	99	2	28.2481	70.15054	"RAHIM YAR KHAN"
10815	118	1	1	28.19628	70.19055	"RAHIM YAR KHAN"
10764	118	1	1	28.19768	70.18983	"RAHIM YAR KHAN"
10797	118	1	1	28.19697	70.189	"RAHIM YAR KHAN"
10827	118	1	1	28.1957	70.1899	"RAHIM YAR KHAN"
10880	118	1	1	28.18932	70.1777	"RAHIM YAR KHAN"
10801	118	1	1	28.1969	70.18919	"RAHIM YAR KHAN"
10762	118	1	1	28.19758	70.1901	"RAHIM YAR KHAN"
10772	118	1	1	28.19635	70.19033	"RAHIM YAR KHAN"
10726	118	1	1	28.198	70.18887	"RAHIM YAR KHAN"
10829	118	1	1	28.1961	70.18972	"RAHIM YAR KHAN"
10729	118	1	1	28.1982	70.18915	"RAHIM YAR KHAN"
10810	118	1	1	28.19565	70.18925	"RAHIM YAR KHAN"
10870	118	99	0	28.19635	70.18602	"RAHIM YAR KHAN"
10860	118	99	0	28.20858	70.18829	"RAHIM YAR KHAN"
10866	118	99	0	28.2132	70.19073	"RAHIM YAR KHAN"
10861	118	99	0	28.20733	70.18823	"RAHIM YAR KHAN"
64301	119	1	2	28.15915	70.1712	"RAHIM YAR KHAN"
64562	119	1	2	28.15827	70.1679	"RAHIM YAR KHAN"
64745	119	1	2	28.15828	70.16924	"RAHIM YAR KHAN"
64602	119	1	2	28.15747	70.16887	"RAHIM YAR KHAN"
64532	119	1	2	28.15842	70.17046	"RAHIM YAR KHAN"
64703	119	1	2	28.1596	70.17267	"RAHIM YAR KHAN"
64669	119	1	2	28.15843	70.16983	"RAHIM YAR KHAN"
64595	119	1	2	28.15753	70.16825	"RAHIM YAR KHAN"
64555	119	1	2	28.15748	70.16792	"RAHIM YAR KHAN"
64743	119	1	2	28.1574	70.16752	"RAHIM YAR KHAN"
64751	119	1	2	28.15865	70.16904	"RAHIM YAR KHAN"
64305	119	1	2	28.15908	70.1708	"RAHIM YAR KHAN"
64655	119	1	2	28.15775	70.16942	"RAHIM YAR KHAN"
64616	119	2	1	28.14672	70.16987	"RAHIM YAR KHAN"
64516	119	2	1	28.14827	70.16821	"RAHIM YAR KHAN"
64630	119	99	0	28.14823	70.16235	"RAHIM YAR KHAN"
22578	120	1	5	28.17465	70.10368	"RAHIM YAR KHAN"
22674	120	1	3	28.1759	70.0957	"RAHIM YAR KHAN"
22518	120	1	4	28.17512	70.10155	"RAHIM YAR KHAN"
22438	120	1	2	28.17512	70.10081	"RAHIM YAR KHAN"
22536	120	1	4	28.17418	70.10228	"RAHIM YAR KHAN"
22529	120	1	4	28.1747	70.10291	"RAHIM YAR KHAN"
22545	120	1	4	28.1738	70.10291	"RAHIM YAR KHAN"
22663	120	1	3	28.16487	70.10175	"RAHIM YAR KHAN"
22400	120	1	1	28.17585	70.10081	"RAHIM YAR KHAN"
22489	120	1	4	28.17382	70.10205	"RAHIM YAR KHAN"
22625	120	1	3	28.175	70.1047	"RAHIM YAR KHAN"
22647	120	1	8	28.17403	70.10128	"RAHIM YAR KHAN"
22459	120	1	2	28.17443	70.10033	"RAHIM YAR KHAN"
22445	120	1	2	28.17473	70.10107	"RAHIM YAR KHAN"
22626	120	1	3	28.17417	70.10429	"RAHIM YAR KHAN"
22671	120	1	3	28.16755	70.09642	"RAHIM YAR KHAN"
23630	121	1	6	28.15853	70.1441	"RAHIM YAR KHAN"
23634	121	1	6	28.15928	70.14172	"RAHIM YAR KHAN"
23432	121	2	1	28.15853	70.11462	"RAHIM YAR KHAN"
23327	121	2	1	28.1585	70.11179	"RAHIM YAR KHAN"
23328	121	2	1	28.15827	70.11198	"RAHIM YAR KHAN"
23347	121	2	1	28.15667	70.1131	"RAHIM YAR KHAN"
23549	121	2	2	28.15893	70.12247	"RAHIM YAR KHAN"
23502	121	2	2	28.15572	70.1168	"RAHIM YAR KHAN"
23419	121	2	1	28.15837	70.11425	"RAHIM YAR KHAN"
23503	121	2	2	28.15572	70.11688	"RAHIM YAR KHAN"
23458	121	2	2	28.1562	70.11514	"RAHIM YAR KHAN"
23546	121	2	2	28.15838	70.12233	"RAHIM YAR KHAN"
23350	121	2	1	28.15723	70.11265	"RAHIM YAR KHAN"
23596	121	2	2	28.15793	70.11895	"RAHIM YAR KHAN"
23727	121	99	5	28.1593	70.1417	"RAHIM YAR KHAN"
23743	121	99	5	28.16563	70.13102	"RAHIM YAR KHAN"
45240	123	1	27	28.90493	70.68085	"RAHIM YAR KHAN"
43942	123	1	21	28.90887	70.68602	"RAHIM YAR KHAN"
43936	123	1	21	28.90945	70.68559	"RAHIM YAR KHAN"
43938	123	1	21	28.90912	70.68549	"RAHIM YAR KHAN"
44918	123	1	27	28.90658	70.6872	"RAHIM YAR KHAN"
43977	123	1	21	28.90905	70.68528	"RAHIM YAR KHAN"
45033	123	3	15	28.91665	70.69015	"RAHIM YAR KHAN"
44939	123	4	18	28.91103	70.6834	"RAHIM YAR KHAN"
44032	123	99	11	28.91603	70.7137	"RAHIM YAR KHAN"
45305	123	99	29	28.92782	70.71775	"RAHIM YAR KHAN"
44187	123	99	22	28.91787	70.71854	"RAHIM YAR KHAN"
45006	123	99	0	28.92365	70.70858	"RAHIM YAR KHAN"
45883	123	99	5	28.91712	70.69618	"RAHIM YAR KHAN"
44034	123	99	11	28.91528	70.71362	"RAHIM YAR KHAN"
45836	123	99	24	28.90993	70.6956	"RAHIM YAR KHAN"
44001	123	99	24	28.90937	70.69643	"RAHIM YAR KHAN"
55796	124	1	4	28.68963	70.46003	"RAHIM YAR KHAN"
55816	124	1	4	28.69142	70.45838	"RAHIM YAR KHAN"
55828	124	1	4	28.6917	70.45838	"RAHIM YAR KHAN"
56425	124	3	15	28.69418	70.47491	"RAHIM YAR KHAN"
56439	124	3	15	28.69412	70.47563	"RAHIM YAR KHAN"
57404	124	4	7	28.68383	70.46933	"RAHIM YAR KHAN"
57369	124	4	7	28.68383	70.40207	"RAHIM YAR KHAN"
57418	124	4	7	28.68395	70.46958	"RAHIM YAR KHAN"
57420	124	4	7	28.68437	70.46947	"RAHIM YAR KHAN"
56366	124	5	14	28.68588	70.48016	"RAHIM YAR KHAN"
55759	124	6	6	28.68723	70.46363	"RAHIM YAR KHAN"
55742	124	6	6	28.68712	70.4642	"RAHIM YAR KHAN"
56503	124	99	10	28.69842	70.48116	"RAHIM YAR KHAN"
56461	124	99	11	28.6971	70.47667	"RAHIM YAR KHAN"
57456	124	99	9	28.69502	70.47135	"RAHIM YAR KHAN"
56540	124	99	16	28.7012	70.48344	"RAHIM YAR KHAN"
53249	130	1	3	28.74942	70.60157	"RAHIM YAR KHAN"
54164	130	2	12	28.72863	70.59843	"RAHIM YAR KHAN"
54128	130	2	12	28.74105	70.58763	"RAHIM YAR KHAN"
54012	130	99	11	28.7505	70.58673	"RAHIM YAR KHAN"
53311	130	99	0	28.7499	70.60114	"RAHIM YAR KHAN"
54242	130	99	14	28.72758	70.59216	"RAHIM YAR KHAN"
53972	130	99	8	28.75438	70.59219	"RAHIM YAR KHAN"
54177	130	99	7	28.72943	70.59743	"RAHIM YAR KHAN"
53449	130	99	5	28.75845	70.60947	"RAHIM YAR KHAN"
53432	130	99	4	28.73712	70.60252	"RAHIM YAR KHAN"
53291	130	99	0	28.74923	70.60204	"RAHIM YAR KHAN"
54005	130	99	11	28.75082	70.5859	"RAHIM YAR KHAN"
54252	130	99	14	28.7226	70.5853	"RAHIM YAR KHAN"
54059	130	99	10	28.74698	70.58447	"RAHIM YAR KHAN"
53344	130	99	0	28.74893	70.60333	"RAHIM YAR KHAN"
53277	130	99	0	28.7485	70.60194	"RAHIM YAR KHAN"
11716	131	1	26	28.21165	69.89357	"RAHIM YAR KHAN"
11251	131	1	1	28.21528	69.89381	"RAHIM YAR KHAN"
13229	131	1	12	28.20432	69.89404	"RAHIM YAR KHAN"
11222	131	1	1	28.21552	69.89425	"RAHIM YAR KHAN"
11490	131	1	9	28.211	69.8997	"RAHIM YAR KHAN"
11810	131	1	26	28.21155	69.89252	"RAHIM YAR KHAN"
11748	131	1	26	28.21185	69.89381	"RAHIM YAR KHAN"
11826	131	1	26	28.21143	69.8924	"RAHIM YAR KHAN"
11719	131	1	26	28.21172	69.89367	"RAHIM YAR KHAN"
13284	131	2	16	28.19942	69.91261	"RAHIM YAR KHAN"
13303	131	99	17	28.19943	69.91125	"RAHIM YAR KHAN"
13393	131	99	20	28.1897	69.92947	"RAHIM YAR KHAN"
13372	131	99	20	28.1849	69.92281	"RAHIM YAR KHAN"
11955	131	99	34	28.22602	69.89108	"RAHIM YAR KHAN"
12561	131	99	18	28.20603	69.90165	"RAHIM YAR KHAN"
12763	131	99	24	28.19845	69.93079	"RAHIM YAR KHAN"
49371	132	1	6	28.7164	70.6048	"RAHIM YAR KHAN"
49342	132	1	6	28.71747	70.6054	"RAHIM YAR KHAN"
49362	132	1	6	28.7166	70.6047	"RAHIM YAR KHAN"
49416	132	1	6	28.7164	70.60482	"RAHIM YAR KHAN"
49368	132	1	6	28.71613	70.60557	"RAHIM YAR KHAN"
49352	132	1	6	28.71682	70.60555	"RAHIM YAR KHAN"
49349	132	1	6	28.71718	70.60532	"RAHIM YAR KHAN"
49102	132	2	1	28.73337	70.62265	"RAHIM YAR KHAN"
49228	132	99	4	28.72792	70.615	"RAHIM YAR KHAN"
49413	132	99	8	28.71475	70.60395	"RAHIM YAR KHAN"
49476	132	99	9	28.7156	70.60627	"RAHIM YAR KHAN"
49469	132	99	9	28.71522	70.6062	"RAHIM YAR KHAN"
49447	132	99	9	28.7149	70.60523	"RAHIM YAR KHAN"
49547	132	99	9	28.71492	70.60532	"RAHIM YAR KHAN"
48956	132	99	14	28.706	70.58781	"RAHIM YAR KHAN"
49474	132	99	9	28.71563	70.60635	"RAHIM YAR KHAN"
61305	133	1	10	28.81168	70.46747	"RAHIM YAR KHAN"
61290	133	1	10	28.8156	70.47207	"RAHIM YAR KHAN"
61330	133	1	11	28.80955	70.45315	"RAHIM YAR KHAN"
61171	133	1	12	28.81008	70.46792	"RAHIM YAR KHAN"
61397	133	1	12	28.8094	70.4676	"RAHIM YAR KHAN"
61174	133	1	12	28.8101	70.46786	"RAHIM YAR KHAN"
61259	133	1	13	28.81035	70.46698	"RAHIM YAR KHAN"
61479	133	2	15	28.82628	70.47085	"RAHIM YAR KHAN"
61355	133	99	16	28.79832	70.46312	"RAHIM YAR KHAN"
60990	133	99	6	28.81567	70.4658	"RAHIM YAR KHAN"
60945	133	99	6	28.8173	70.46308	"RAHIM YAR KHAN"
60901	133	99	7	28.8121	70.45327	"RAHIM YAR KHAN"
61056	133	99	9	28.82162	70.4658	"RAHIM YAR KHAN"
60797	133	99	3	28.82333	70.47255	"RAHIM YAR KHAN"
61438	133	99	17	28.81028	70.4686	"RAHIM YAR KHAN"
60807	133	99	3	28.8245	70.47297	"RAHIM YAR KHAN"
99623	134	1	6	28.42252	70.14359	"RAHIM YAR KHAN"
99812	134	1	7	28.41603	70.13345	"RAHIM YAR KHAN"
99881	134	1	11	28.415	70.13741	"RAHIM YAR KHAN"
99880	134	1	11	28.41548	70.13645	"RAHIM YAR KHAN"
99316	134	1	16	28.41423	70.13512	"RAHIM YAR KHAN"
99737	134	1	1	28.41603	70.13465	"RAHIM YAR KHAN"
99823	134	1	7	28.4154	70.13295	"RAHIM YAR KHAN"
99630	134	1	6	28.42198	70.14278	"RAHIM YAR KHAN"
99405	134	1	12	28.41468	70.13382	"RAHIM YAR KHAN"
99380	134	1	12	28.41437	70.1332	"RAHIM YAR KHAN"
99582	134	2	19	28.429	70.13378	"RAHIM YAR KHAN"
99510	134	99	17	28.422	70.1267	"RAHIM YAR KHAN"
99784	134	99	18	28.41537	70.13347	"RAHIM YAR KHAN"
99530	134	99	17	28.42227	70.12828	"RAHIM YAR KHAN"
99491	134	99	21	28.4168	70.13088	"RAHIM YAR KHAN"
99484	134	99	21	28.41512	70.13012	"RAHIM YAR KHAN"
64876	135	1	7	28.42332	70.07204	"RAHIM YAR KHAN"
64971	135	1	7	28.42253	70.07515	"RAHIM YAR KHAN"
21790	135	2	24	28.4421	70.08479	"RAHIM YAR KHAN"
65044	135	3	8	28.42108	70.08127	"RAHIM YAR KHAN"
21563	135	3	21	28.43532	70.08342	"RAHIM YAR KHAN"
64998	135	99	5	28.44687	70.07125	"RAHIM YAR KHAN"
21626	135	99	22	28.44318	70.07657	"RAHIM YAR KHAN"
21534	135	99	11	28.42163	70.07878	"RAHIM YAR KHAN"
65008	135	99	4	28.44088	70.068	"RAHIM YAR KHAN"
65093	135	99	4	28.44188	70.06758	"RAHIM YAR KHAN"
65024	135	99	25	28.43703	70.06443	"RAHIM YAR KHAN"
64845	135	99	16	28.43438	70.07706	"RAHIM YAR KHAN"
65112	135	99	1	28.43152	70.07018	"RAHIM YAR KHAN"
21565	135	99	14	28.43353	70.08417	"RAHIM YAR KHAN"
65099	135	99	5	28.4475	70.07124	"RAHIM YAR KHAN"
21579	135	99	18	28.43757	70.08051	"RAHIM YAR KHAN"
34136	136	1	33	28.61587	70.58695	"RAHIM YAR KHAN"
33230	136	3	26	28.60347	70.60247	"RAHIM YAR KHAN"
33298	136	3	26	28.60448	70.59995	"RAHIM YAR KHAN"
33266	136	3	26	28.60353	70.60145	"RAHIM YAR KHAN"
33236	136	3	26	28.60352	70.60202	"RAHIM YAR KHAN"
34081	136	4	32	28.6101	70.62468	"RAHIM YAR KHAN"
34700	136	6	3	28.5921	70.61947	"RAHIM YAR KHAN"
35352	136	99	9	28.59315	70.58524	"RAHIM YAR KHAN"
33432	136	99	23	28.60773	70.60118	"RAHIM YAR KHAN"
35426	136	99	11	28.59597	70.58722	"RAHIM YAR KHAN"
33361	136	99	0	28.60843	70.59527	"RAHIM YAR KHAN"
34739	136	99	4	28.5922	70.62468	"RAHIM YAR KHAN"
33396	136	99	0	28.60915	70.60027	"RAHIM YAR KHAN"
34536	136	99	1	28.58673	70.63122	"RAHIM YAR KHAN"
33973	136	99	27	28.59998	70.58365	"RAHIM YAR KHAN"
34227	136	99	0	28.61278	70.58977	"RAHIM YAR KHAN"
49992	137	1	17	28.8926	70.62237	"RAHIM YAR KHAN"
50005	137	1	17	28.89608	70.62047	"RAHIM YAR KHAN"
49791	137	2	14	28.89295	70.63197	"RAHIM YAR KHAN"
49907	137	2	13	28.88437	70.61182	"RAHIM YAR KHAN"
49861	137	2	4	28.89575	70.63112	"RAHIM YAR KHAN"
49878	137	2	15	28.89655	70.62695	"RAHIM YAR KHAN"
49853	137	2	4	28.89588	70.6311	"RAHIM YAR KHAN"
49819	137	2	14	28.89345	70.63139	"RAHIM YAR KHAN"
49899	137	2	13	28.87983	70.63609	"RAHIM YAR KHAN"
50622	137	3	6	28.90088	70.61153	"RAHIM YAR KHAN"
50621	137	3	6	28.9003	70.61197	"RAHIM YAR KHAN"
50615	137	3	6	28.90028	70.61166	"RAHIM YAR KHAN"
50660	137	3	6	28.89955	70.61335	"RAHIM YAR KHAN"
50147	137	99	1	28.9064	70.62295	"RAHIM YAR KHAN"
50138	137	99	1	28.90813	70.6277	"RAHIM YAR KHAN"
50804	137	99	9	28.90522	70.61797	"RAHIM YAR KHAN"
100937	139	1	12	28.59757	70.17719	"RAHIM YAR KHAN"
100975	139	1	12	28.59965	70.17585	"RAHIM YAR KHAN"
28939	139	2	10	28.58727	70.18007	"RAHIM YAR KHAN"
29274	139	3	13	28.60762	70.18017	"RAHIM YAR KHAN"
29225	139	3	13	28.6058	70.17942	"RAHIM YAR KHAN"
101010	139	3	6	28.60723	70.17796	"RAHIM YAR KHAN"
101162	139	3	6	28.60727	70.17809	"RAHIM YAR KHAN"
29271	139	3	13	28.60807	70.18115	"RAHIM YAR KHAN"
29310	139	3	13	28.60722	70.18035	"RAHIM YAR KHAN"
101065	139	3	6	28.60815	70.17715	"RAHIM YAR KHAN"
101061	139	3	6	28.60792	70.17705	"RAHIM YAR KHAN"
100906	139	4	5	28.59835	70.17516	"RAHIM YAR KHAN"
100875	139	99	11	28.5963	70.15794	"RAHIM YAR KHAN"
101099	139	99	1	28.60453	70.16959	"RAHIM YAR KHAN"
100811	139	99	14	28.5871	70.14823	"RAHIM YAR KHAN"
101210	139	99	14	28.58683	70.14733	"RAHIM YAR KHAN"
60126	140	1	5	28.62267	70.33058	"RAHIM YAR KHAN"
60015	140	3	1	28.58755	70.31907	"RAHIM YAR KHAN"
59999	140	3	1	28.5906	70.32398	"RAHIM YAR KHAN"
59983	140	3	1	28.5922	70.32307	"RAHIM YAR KHAN"
59973	140	3	1	28.59265	70.32232	"RAHIM YAR KHAN"
59966	140	3	1	28.5928	70.32273	"RAHIM YAR KHAN"
59997	140	3	1	28.5906	70.32398	"RAHIM YAR KHAN"
60087	140	99	6	28.63033	70.32965	"RAHIM YAR KHAN"
60021	140	99	6	28.58693	70.31928	"RAHIM YAR KHAN"
60140	140	99	11	28.62655	70.33247	"RAHIM YAR KHAN"
59949	140	99	2	28.5908	70.32878	"RAHIM YAR KHAN"
60145	140	99	11	28.62665	70.3319	"RAHIM YAR KHAN"
59952	140	99	2	28.59088	70.32906	"RAHIM YAR KHAN"
60049	140	99	0	28.6091	70.32592	"RAHIM YAR KHAN"
60028	140	99	7	28.5957	70.32667	"RAHIM YAR KHAN"
60040	140	99	8	28.60442	70.3223	"RAHIM YAR KHAN"
30864	141	1	12	28.78663	70.38869	"RAHIM YAR KHAN"
30601	141	1	12	28.7872	70.39742	"RAHIM YAR KHAN"
30478	141	1	13	28.78253	70.39648	"RAHIM YAR KHAN"
30792	141	1	12	28.7845	70.38818	"RAHIM YAR KHAN"
30659	141	1	12	28.78565	70.39187	"RAHIM YAR KHAN"
30607	141	1	13	28.78382	70.39877	"RAHIM YAR KHAN"
30523	141	1	12	28.7862	70.39513	"RAHIM YAR KHAN"
101709	141	99	3	28.77823	70.38668	"RAHIM YAR KHAN"
101764	141	99	0	28.78002	70.38654	"RAHIM YAR KHAN"
101725	141	99	8	28.77965	70.38448	"RAHIM YAR KHAN"
101802	141	99	17	28.77835	70.38622	"RAHIM YAR KHAN"
101739	141	99	0	28.7896	70.38203	"RAHIM YAR KHAN"
101811	141	99	17	28.77833	70.38647	"RAHIM YAR KHAN"
101676	141	99	3	28.76775	70.38077	"RAHIM YAR KHAN"
101737	141	99	0	28.78967	70.38198	"RAHIM YAR KHAN"
101738	141	99	0	28.78985	70.38178	"RAHIM YAR KHAN"
59081	142	1	24	28.86418	70.90065	"RAHIM YAR KHAN"
59118	142	1	24	28.86357	70.89989	"RAHIM YAR KHAN"
58982	142	99	17	28.8854	70.8832	"RAHIM YAR KHAN"
58882	142	99	13	28.89362	70.902	"RAHIM YAR KHAN"
59011	142	99	0	28.8718	70.89133	"RAHIM YAR KHAN"
58869	142	99	13	28.89423	70.89783	"RAHIM YAR KHAN"
62102	142	99	7	28.8864	70.87455	"RAHIM YAR KHAN"
62014	142	99	4	28.89117	70.88233	"RAHIM YAR KHAN"
62107	142	99	7	28.88707	70.8746	"RAHIM YAR KHAN"
62088	142	99	1	28.884	70.87822	"RAHIM YAR KHAN"
58954	142	99	17	28.87873	70.8924	"RAHIM YAR KHAN"
58859	142	99	11	28.89402	70.89193	"RAHIM YAR KHAN"
62084	142	99	1	28.88373	70.87798	"RAHIM YAR KHAN"
62106	142	99	7	28.8876	70.8749	"RAHIM YAR KHAN"
62146	142	99	5	28.88775	70.87434	"RAHIM YAR KHAN"
59169	142	99	21	28.88105	70.90477	"RAHIM YAR KHAN"
16309	143	1	2	28.24762	69.97965	"RAHIM YAR KHAN"
14198	143	1	11	28.25555	69.98807	"RAHIM YAR KHAN"
16431	143	1	13	28.2544	69.97777	"RAHIM YAR KHAN"
14150	143	1	6	28.25162	69.97522	"RAHIM YAR KHAN"
16273	143	1	9	28.24885	69.97908	"RAHIM YAR KHAN"
16192	143	1	3	28.24745	69.97845	"RAHIM YAR KHAN"
15120	143	1	15	28.24868	69.97407	"RAHIM YAR KHAN"
16256	143	1	9	28.24912	69.97935	"RAHIM YAR KHAN"
15978	143	1	14	28.25788	69.97723	"RAHIM YAR KHAN"
16067	143	1	14	28.25648	69.97787	"RAHIM YAR KHAN"
17123	143	1	17	28.2565	69.97218	"RAHIM YAR KHAN"
14133	143	1	7	28.24963	69.97797	"RAHIM YAR KHAN"
15789	143	2	24	28.28125	69.96225	"RAHIM YAR KHAN"
15786	143	2	24	28.28053	69.9639	"RAHIM YAR KHAN"
15815	143	2	24	28.2804	69.96245	"RAHIM YAR KHAN"
15920	143	99	13	28.25685	69.98357	"RAHIM YAR KHAN"
47862	145	1	31	28.9782	70.67555	"RAHIM YAR KHAN"
47049	145	1	23	28.95542	70.68311	"RAHIM YAR KHAN"
46920	145	1	29	28.95148	70.68175	"RAHIM YAR KHAN"
46868	145	1	27	28.95045	70.6811	"RAHIM YAR KHAN"
46878	145	1	27	28.9509	70.68056	"RAHIM YAR KHAN"
48151	145	1	19	28.95113	70.67696	"RAHIM YAR KHAN"
47785	145	2	6	28.9716	70.67834	"RAHIM YAR KHAN"
47831	145	2	6	28.97237	70.67748	"RAHIM YAR KHAN"
47776	145	2	6	28.97205	70.67858	"RAHIM YAR KHAN"
47769	145	2	6	28.97228	70.67838	"RAHIM YAR KHAN"
47647	145	2	6	28.97097	70.68007	"RAHIM YAR KHAN"
48070	145	99	10	28.96645	70.68549	"RAHIM YAR KHAN"
48025	145	99	7	28.96117	70.6801	"RAHIM YAR KHAN"
47923	145	99	2	28.96903	70.66801	"RAHIM YAR KHAN"
48114	145	99	15	28.95485	70.67451	"RAHIM YAR KHAN"
48016	145	99	7	28.95858	70.68098	"RAHIM YAR KHAN"
100129	146	1	14	28.60123	70.31247	"RAHIM YAR KHAN"
100122	146	1	14	28.60793	70.31617	"RAHIM YAR KHAN"
100195	146	2	19	28.59005	70.3084	"RAHIM YAR KHAN"
100176	146	2	19	28.59817	70.31755	"RAHIM YAR KHAN"
100175	146	2	19	28.59782	70.31765	"RAHIM YAR KHAN"
100248	146	2	19	28.58903	70.30763	"RAHIM YAR KHAN"
100173	146	2	19	28.59823	70.31786	"RAHIM YAR KHAN"
100202	146	3	6	28.60702	70.3196	"RAHIM YAR KHAN"
100059	146	99	12	28.59837	70.30217	"RAHIM YAR KHAN"
100321	146	99	16	28.59007	70.29148	"RAHIM YAR KHAN"
100259	146	99	0	28.58673	70.30615	"RAHIM YAR KHAN"
100231	146	99	8	28.58903	70.29857	"RAHIM YAR KHAN"
100156	146	99	17	28.59968	70.30808	"RAHIM YAR KHAN"
100322	146	99	16	28.59117	70.29065	"RAHIM YAR KHAN"
99982	146	99	11	28.59313	70.30241	"RAHIM YAR KHAN"
100077	146	99	18	28.6007	70.3161	"RAHIM YAR KHAN"
35711	147	1	1	29.03048	70.98454	"RAHIM YAR KHAN"
35756	147	1	1	29.03052	70.98435	"RAHIM YAR KHAN"
35775	147	1	1	29.03285	70.98348	"RAHIM YAR KHAN"
35934	147	2	5	29.02652	70.96468	"RAHIM YAR KHAN"
36668	147	4	21	29.05258	70.95983	"RAHIM YAR KHAN"
36870	147	5	11	29.04168	70.96458	"RAHIM YAR KHAN"
36864	147	5	11	29.04173	70.96512	"RAHIM YAR KHAN"
36860	147	5	11	29.04095	70.96507	"RAHIM YAR KHAN"
35817	147	99	2	29.02538	70.98199	"RAHIM YAR KHAN"
35974	147	99	7	29.03017	70.96927	"RAHIM YAR KHAN"
35996	147	99	8	29.03225	70.9682	"RAHIM YAR KHAN"
36918	147	99	10	29.04127	70.95845	"RAHIM YAR KHAN"
36807	147	99	0	29.04602	70.96512	"RAHIM YAR KHAN"
35867	147	99	4	29.02903	70.97694	"RAHIM YAR KHAN"
35854	147	99	4	29.0285	70.97885	"RAHIM YAR KHAN"
36831	147	99	13	29.0421	70.96584	"RAHIM YAR KHAN"
31510	151	1	3	33.05272	71.90701	"ATTOCK"
31561	151	1	3	33.05359	71.90591	"ATTOCK"
32950	151	1	1	33.05418	71.9053	"ATTOCK"
32823	151	1	4	33.05222	71.90082	"ATTOCK"
32810	151	1	4	33.0519	71.90295	"ATTOCK"
31508	151	1	3	33.05155	71.90533	"ATTOCK"
31545	151	1	2	33.05255	71.9065	"ATTOCK"
33043	151	1	4	33.06035	71.90365	"ATTOCK"
32787	151	1	1	33.0517	71.90552	"ATTOCK"
31675	151	1	4	33.0563	71.89561	"ATTOCK"
31678	151	1	4	33.05633	71.8956	"ATTOCK"
31728	151	1	5	33.05545	71.88278	"ATTOCK"
32955	151	1	1	33.05912	71.90252	"ATTOCK"
31609	151	1	4	33.05432	71.90221	"ATTOCK"
33040	151	1	4	33.05903	71.90252	"ATTOCK"
32887	151	1	1	33.0543	71.9056	"ATTOCK"
32324	152	2	6	33.07732	71.91583	"ATTOCK"
32402	152	2	8	33.08472	71.89132	"ATTOCK"
32474	152	2	9	33.0808	71.87673	"ATTOCK"
31062	152	2	8	33.10272	71.89812	"ATTOCK"
32249	152	2	6	33.07038	71.90424	"ATTOCK"
32459	152	2	8	33.08458	71.88278	"ATTOCK"
32336	152	2	6	33.0837	71.91096	"ATTOCK"
32340	152	2	6	33.08605	71.9108	"ATTOCK"
31023	152	2	7	33.08945	71.91821	"ATTOCK"
31072	152	2	8	33.10695	71.90808	"ATTOCK"
32396	152	2	8	33.08228	71.89277	"ATTOCK"
32417	152	2	8	33.08457	71.88768	"ATTOCK"
31019	152	2	7	33.08993	71.91873	"ATTOCK"
32348	152	2	6	33.08617	71.91135	"ATTOCK"
32379	152	2	8	33.0797	71.89605	"ATTOCK"
32473	152	2	9	33.08092	71.87643	"ATTOCK"
98053	153	1	8	31.0786	72.923	"FAISALABAD"
98014	153	1	7	31.07937	72.92142	"FAISALABAD"
98023	153	1	7	31.07908	72.92133	"FAISALABAD"
87655	153	1	1	31.08063	72.92337	"FAISALABAD"
98049	153	1	8	31.07832	72.92302	"FAISALABAD"
98069	153	1	8	31.0787	72.92239	"FAISALABAD"
98025	153	1	7	31.07852	72.92167	"FAISALABAD"
87778	153	1	2	31.07992	72.9247	"FAISALABAD"
87745	153	1	2	31.07835	72.92416	"FAISALABAD"
98165	153	1	8	31.07865	72.92377	"FAISALABAD"
98092	153	1	7	31.08107	72.92213	"FAISALABAD"
98102	153	1	7	31.0798	72.92225	"FAISALABAD"
98070	153	1	7	31.07903	72.92242	"FAISALABAD"
98128	153	1	7	31.07893	72.92235	"FAISALABAD"
98042	153	1	8	31.07778	72.9224	"FAISALABAD"
87726	153	1	2	31.07908	72.92398	"FAISALABAD"
87859	154	3	6	31.07148	72.93577	"FAISALABAD"
87874	154	3	6	31.07047	72.9366	"FAISALABAD"
87826	154	3	5	31.0749	72.93115	"FAISALABAD"
87835	154	3	6	31.07172	72.93175	"FAISALABAD"
87858	154	3	6	31.07165	72.93581	"FAISALABAD"
87851	154	3	6	31.07082	72.93581	"FAISALABAD"
87876	154	3	6	31.07093	72.9363	"FAISALABAD"
87879	154	3	6	31.0706	72.93622	"FAISALABAD"
87836	154	3	6	31.07167	72.93571	"FAISALABAD"
87871	154	3	6	31.07085	72.93643	"FAISALABAD"
87877	154	3	6	31.0707	72.93598	"FAISALABAD"
87845	154	3	6	31.07102	72.93463	"FAISALABAD"
87885	154	3	6	31.07063	72.93613	"FAISALABAD"
87832	154	3	5	31.07133	72.93545	"FAISALABAD"
87849	154	3	6	31.0711	72.93494	"FAISALABAD"
87868	154	3	6	31.07203	72.93594	"FAISALABAD"
